                          Results: MNLogit
====================================================================
Model:               MNLogit           Method:            MLE       
Dependent Variable:  y                 Pseudo R-squared:  0.130     
Date:                2026-03-21 16:50  AIC:               82868.9073
No. Observations:    20794             BIC:               84790.9729
Df Model:            231               Log-Likelihood:    -41192.   
Df Residuals:        20552             LL-Null:           -47361.   
Converged:           0.0000            LLR p-value:       0.0000    
No. Iterations:      2000.0000         Scale:             1.0000    
--------------------------------------------------------------------
       y = 0         Coef.  Std.Err.    t    P>|t|   [0.025   0.975]
--------------------------------------------------------------------
            const   -4.2386   2.8516 -1.4864 0.1372  -9.8277  1.3504
   slope_early_mm   -0.8583  12.5314 -0.0685 0.9454 -25.4194 23.7029
               cv   -0.0270   0.3240 -0.0834 0.9336  -0.6621  0.6081
              mdd    4.4752   0.7962  5.6203 0.0000   2.9145  6.0358
          nc_rate    1.9711   0.5987  3.2923 0.0010   0.7977  3.1446
    del_ratio_log    0.3720   0.1264  2.9426 0.0033   0.1242  0.6198
      before_noon   -2.4242   0.5797 -4.1817 0.0000  -3.5605 -1.2880
          weekend   -0.3228   0.6824 -0.4730 0.6362  -1.6603  1.0147
      trend_slope    1.2655  10.7715  0.1175 0.9065 -19.8462 22.3772
seasonal_strength   -4.1109   2.7409 -1.4998 0.1337  -9.4830  1.2613
      noise_ratio   -0.4417   2.6378 -0.1675 0.8670  -5.6116  4.7282
          n_weeks    0.0079   0.0041  1.9346 0.0530  -0.0001  0.0158
competition_index    0.3902   1.3420  0.2907 0.7713  -2.2400  3.0204
     cat_베이커리/디저트   -0.3108   0.5228 -0.5944 0.5523  -1.3355  0.7140
           cat_분식   -0.3499   0.4626 -0.7564 0.4494  -1.2565  0.5568
           cat_술집   -1.1947   0.3850 -3.1030 0.0019  -1.9493 -0.4401
           cat_양식   -1.2691   0.4866 -2.6082 0.0091  -2.2227 -0.3154
           cat_일식   -0.4076   0.3931 -1.0369 0.2998  -1.1780  0.3628
           cat_중식   -2.8256   1.2447 -2.2702 0.0232  -5.2651 -0.3861
           cat_카페   -0.3184   0.3757 -0.8476 0.3967  -1.0547  0.4179
        cat_패스트푸드    0.5570   0.3758  1.4822 0.1383  -0.1795  1.2935
           cat_한식   -0.4048   0.4848 -0.8349 0.4038  -1.3550  0.5454
--------------------------------------------------------------------
      y = 1         Coef.  Std.Err.    t     P>|t|   [0.025   0.975]
--------------------------------------------------------------------
            const  -5.9558   1.1413  -5.2184 0.0000  -8.1927 -3.7189
   slope_early_mm  -5.6160   5.8257  -0.9640 0.3350 -17.0342  5.8022
               cv  -1.7393   0.1693 -10.2752 0.0000  -2.0711 -1.4075
              mdd   7.7600   0.3686  21.0505 0.0000   7.0375  8.4826
          nc_rate   0.6075   0.2459   2.4707 0.0135   0.1256  1.0894
    del_ratio_log   0.4208   0.0623   6.7595 0.0000   0.2988  0.5428
      before_noon  -0.1602   0.2959  -0.5415 0.5882  -0.7402  0.4197
          weekend  -0.8200   0.2853  -2.8739 0.0041  -1.3792 -0.2608
      trend_slope  -3.0389   4.7642  -0.6379 0.5236 -12.3766  6.2987
seasonal_strength  -7.5836   1.0701  -7.0867 0.0000  -9.6810 -5.4862
      noise_ratio  -0.1414   1.0222  -0.1383 0.8900  -2.1449  1.8621
          n_weeks   0.0243   0.0018  13.8589 0.0000   0.0209  0.0277
competition_index  -0.7976   0.6061  -1.3160 0.1882  -1.9854  0.3903
     cat_베이커리/디저트   0.8707   0.1976   4.4068 0.0000   0.4835  1.2580
           cat_분식   0.0821   0.1981   0.4142 0.6787  -0.3062  0.4703
           cat_술집  -0.7546   0.1767  -4.2716 0.0000  -1.1009 -0.4084
           cat_양식  -0.5739   0.1908  -3.0077 0.0026  -0.9479 -0.1999
           cat_일식  -0.5381   0.1880  -2.8617 0.0042  -0.9066 -0.1696
           cat_중식  -0.7414   0.2216  -3.3451 0.0008  -1.1758 -0.3070
           cat_카페   0.0771   0.1720   0.4485 0.6538  -0.2600  0.4143
        cat_패스트푸드   0.7296   0.1814   4.0228 0.0001   0.3741  1.0850
           cat_한식   0.0172   0.2243   0.0768 0.9388  -0.4224  0.4568
--------------------------------------------------------------------
      y = 2        Coef.   Std.Err.    t    P>|t|   [0.025   0.975] 
--------------------------------------------------------------------
            const  -5.7859   1.6012 -3.6134 0.0003  -8.9243  -2.6475
   slope_early_mm -14.2228   4.0106 -3.5463 0.0004 -22.0834  -6.3622
               cv  -0.7613   0.1547 -4.9211 0.0000  -1.0645  -0.4581
              mdd   8.9751   0.3239 27.7074 0.0000   8.3403   9.6100
          nc_rate   0.0962   0.2179  0.4415 0.6589  -0.3308   0.5232
    del_ratio_log   0.6082   0.0540 11.2589 0.0000   0.5023   0.7141
      before_noon  -0.9605   0.2551 -3.7646 0.0002  -1.4606  -0.4604
          weekend   1.1081   0.2545  4.3537 0.0000   0.6093   1.6069
      trend_slope -19.0936   3.6200 -5.2745 0.0000 -26.1886 -11.9986
seasonal_strength  -1.4474   1.5654 -0.9246 0.3552  -4.5156   1.6208
      noise_ratio  -0.6984   1.5350 -0.4550 0.6491  -3.7069   2.3101
          n_weeks  -0.0112   0.0014 -7.7618 0.0000  -0.0140  -0.0084
competition_index  -0.2990   0.5347 -0.5593 0.5760  -1.3471   0.7490
     cat_베이커리/디저트   0.4807   0.1821  2.6397 0.0083   0.1238   0.8377
           cat_분식   0.2777   0.1671  1.6623 0.0964  -0.0497   0.6051
           cat_술집  -1.5076   0.1620 -9.3061 0.0000  -1.8251  -1.1901
           cat_양식  -0.7166   0.1662 -4.3123 0.0000  -1.0424  -0.3909
           cat_일식  -0.3017   0.1589 -1.8984 0.0576  -0.6132   0.0098
           cat_중식  -0.4952   0.1796 -2.7582 0.0058  -0.8472  -0.1433
           cat_카페  -0.3712   0.1517 -2.4463 0.0144  -0.6686  -0.0738
        cat_패스트푸드   1.1335   0.1549  7.3199 0.0000   0.8300   1.4370
           cat_한식  -0.3884   0.1970 -1.9717 0.0486  -0.7745  -0.0023
--------------------------------------------------------------------
       y = 3         Coef.  Std.Err.    t    P>|t|   [0.025   0.975]
--------------------------------------------------------------------
            const   -4.2398   2.9477 -1.4383 0.1503 -10.0172  1.5377
   slope_early_mm   -4.0605   5.0730 -0.8004 0.4235 -14.0033  5.8824
               cv    0.9312   0.1688  5.5169 0.0000   0.6004  1.2621
              mdd    5.7078   0.3989 14.3096 0.0000   4.9260  6.4896
          nc_rate    2.1136   0.2924  7.2280 0.0000   1.5405  2.6868
    del_ratio_log    0.3091   0.0764  4.0443 0.0001   0.1593  0.4589
      before_noon   -0.9171   0.3351 -2.7369 0.0062  -1.5739 -0.2604
          weekend   -2.2787   0.3389 -6.7233 0.0000  -2.9429 -1.6144
      trend_slope    5.6909   4.6575  1.2219 0.2218  -3.4377 14.8195
seasonal_strength   -1.4965   2.9210 -0.5123 0.6084  -7.2216  4.2285
      noise_ratio   -2.0009   2.8891 -0.6926 0.4886  -7.6634  3.6616
          n_weeks   -0.0117   0.0019 -6.2568 0.0000  -0.0154 -0.0081
competition_index    0.2363   0.6513  0.3629 0.7167  -1.0402  1.5129
     cat_베이커리/디저트    0.4888   0.2536  1.9275 0.0539  -0.0082  0.9859
           cat_분식   -0.1218   0.2522 -0.4832 0.6290  -0.6161  0.3724
           cat_술집   -0.5504   0.1990 -2.7651 0.0057  -0.9405 -0.1602
           cat_양식   -0.4339   0.2229 -1.9471 0.0515  -0.8707  0.0029
           cat_일식   -0.3342   0.2211 -1.5118 0.1306  -0.7675  0.0991
           cat_중식   -0.1308   0.2472 -0.5293 0.5966  -0.6153  0.3536
           cat_카페   -0.2469   0.2108 -1.1712 0.2415  -0.6601  0.1663
        cat_패스트푸드    0.4284   0.2283  1.8768 0.0605  -0.0190  0.8758
           cat_한식   -0.0913   0.2518 -0.3624 0.7170  -0.5847  0.4022
--------------------------------------------------------------------
       y = 4         Coef.  Std.Err.    t    P>|t|   [0.025   0.975]
--------------------------------------------------------------------
            const   -4.3364   1.0713 -4.0479 0.0001  -6.4360 -2.2367
   slope_early_mm   -8.5890   4.9330 -1.7411 0.0817 -18.2576  1.0795
               cv   -1.2276   0.1543 -7.9573 0.0000  -1.5300 -0.9253
              mdd    6.5011   0.3002 21.6563 0.0000   5.9127  7.0895
          nc_rate    0.4203   0.2255  1.8639 0.0623  -0.0217  0.8622
    del_ratio_log    0.4115   0.0587  7.0047 0.0000   0.2964  0.5267
      before_noon   -0.0232   0.2749 -0.0845 0.9326  -0.5621  0.5156
          weekend   -1.4276   0.2635 -5.4187 0.0000  -1.9439 -0.9112
      trend_slope   -1.5351   4.1534 -0.3696 0.7117  -9.6756  6.6054
seasonal_strength   -5.9169   1.0190 -5.8065 0.0000  -7.9141 -3.9197
      noise_ratio    0.0496   0.9779  0.0508 0.9595  -1.8669  1.9662
          n_weeks    0.0152   0.0016  9.7510 0.0000   0.0121  0.0182
competition_index   -0.3665   0.5505 -0.6658 0.5056  -1.4454  0.7124
     cat_베이커리/디저트    0.6267   0.1840  3.4062 0.0007   0.2661  0.9874
           cat_분식    0.2568   0.1730  1.4840 0.1378  -0.0823  0.5959
           cat_술집   -1.2602   0.1646 -7.6571 0.0000  -1.5827 -0.9376
           cat_양식   -0.8391   0.1761 -4.7643 0.0000  -1.1843 -0.4939
           cat_일식   -0.5854   0.1675 -3.4946 0.0005  -0.9138 -0.2571
           cat_중식   -0.7110   0.1935 -3.6749 0.0002  -1.0903 -0.3318
           cat_카페   -0.2873   0.1569 -1.8304 0.0672  -0.5948  0.0203
        cat_패스트푸드    0.7483   0.1637  4.5701 0.0000   0.4274  1.0693
           cat_한식   -0.2495   0.2030 -1.2289 0.2191  -0.6473  0.1484
--------------------------------------------------------------------
       y = 5         Coef.  Std.Err.    t    P>|t|   [0.025   0.975]
--------------------------------------------------------------------
            const   -6.7043   2.7079 -2.4758 0.0133 -12.0117 -1.3969
   slope_early_mm   -9.2118   4.8449 -1.9013 0.0573 -18.7077  0.2841
               cv    0.3004   0.1590  1.8892 0.0589  -0.0113  0.6120
              mdd   10.7724   0.5145 20.9396 0.0000   9.7641 11.7807
          nc_rate    0.4696   0.2785  1.6864 0.0917  -0.0762  1.0155
    del_ratio_log    0.7996   0.0577 13.8541 0.0000   0.6865  0.9127
      before_noon   -0.5443   0.3165 -1.7199 0.0855  -1.1646  0.0760
          weekend   -0.4436   0.3196 -1.3880 0.1651  -1.0700  0.1828
      trend_slope   -8.7685   4.3558 -2.0131 0.0441 -17.3056 -0.2313
seasonal_strength   -3.4551   2.6582 -1.2998 0.1937  -8.6651  1.7548
      noise_ratio   -2.6948   2.6239 -1.0270 0.3044  -7.8377  2.4480
          n_weeks   -0.0155   0.0018 -8.7048 0.0000  -0.0189 -0.0120
competition_index   -0.0294   0.6743 -0.0437 0.9652  -1.3511  1.2922
     cat_베이커리/디저트    0.6023   0.2212  2.7230 0.0065   0.1688  1.0358
           cat_분식    0.4848   0.1985  2.4416 0.0146   0.0956  0.8739
           cat_술집   -2.1025   0.2329 -9.0276 0.0000  -2.5589 -1.6460
           cat_양식   -0.7089   0.2081 -3.4060 0.0007  -1.1168 -0.3009
           cat_일식   -0.3112   0.1977 -1.5742 0.1154  -0.6987  0.0763
           cat_중식   -0.7637   0.2441 -3.1288 0.0018  -1.2420 -0.2853
           cat_카페    0.1037   0.1827  0.5674 0.5704  -0.2545  0.4618
        cat_패스트푸드    1.0725   0.1866  5.7461 0.0000   0.7067  1.4383
           cat_한식   -0.2857   0.2439 -1.1710 0.2416  -0.7638  0.1925
--------------------------------------------------------------------
       y = 6         Coef.  Std.Err.    t     P>|t|   [0.025  0.975]
--------------------------------------------------------------------
            const    0.3124   0.9802   0.3187 0.7500 -1.6088  2.2335
   slope_early_mm   11.7096   3.5974   3.2550 0.0011  4.6587 18.7605
               cv   -2.0786   0.2165  -9.6005 0.0000 -2.5029 -1.6542
              mdd    2.4025   0.2128  11.2920 0.0000  1.9855  2.8195
          nc_rate    1.5732   0.2103   7.4795 0.0000  1.1610  1.9855
    del_ratio_log    0.1560   0.0728   2.1421 0.0322  0.0133  0.2987
      before_noon   -1.7047   0.2615  -6.5196 0.0000 -2.2172 -1.1922
          weekend   -0.4062   0.2565  -1.5840 0.1132 -0.9089  0.0964
      trend_slope   11.4660   3.4161   3.3564 0.0008  4.7705 18.1614
seasonal_strength    0.8692   0.9507   0.9142 0.3606 -0.9943  2.7326
      noise_ratio    1.0291   0.9164   1.1230 0.2614 -0.7670  2.8253
          n_weeks   -0.0250   0.0015 -17.0347 0.0000 -0.0279 -0.0221
competition_index   -1.1436   0.5065  -2.2577 0.0240 -2.1364 -0.1508
     cat_베이커리/디저트   -1.2864   0.2210  -5.8197 0.0000 -1.7196 -0.8532
           cat_분식   -1.0014   0.1857  -5.3916 0.0000 -1.3655 -0.6374
           cat_술집   -1.0793   0.1467  -7.3560 0.0000 -1.3669 -0.7918
           cat_양식   -1.0140   0.1606  -6.3122 0.0000 -1.3288 -0.6991
           cat_일식   -0.9212   0.1567  -5.8796 0.0000 -1.2283 -0.6141
           cat_중식   -1.2624   0.1819  -6.9398 0.0000 -1.6189 -0.9058
           cat_카페   -0.6443   0.1460  -4.4116 0.0000 -0.9305 -0.3580
        cat_패스트푸드   -0.7905   0.1759  -4.4928 0.0000 -1.1353 -0.4456
           cat_한식   -0.6723   0.1883  -3.5699 0.0004 -1.0414 -0.3032
--------------------------------------------------------------------
       y = 7         Coef.  Std.Err.    t     P>|t|   [0.025  0.975]
--------------------------------------------------------------------
            const    0.0338   0.9614   0.0352 0.9719 -1.8505  1.9182
   slope_early_mm   11.0523   3.6534   3.0252 0.0025  3.8918 18.2128
               cv   -2.1633   0.1593 -13.5773 0.0000 -2.4755 -1.8510
              mdd    4.2368   0.2095  20.2274 0.0000  3.8263  4.6473
          nc_rate    0.9850   0.1901   5.1817 0.0000  0.6124  1.3576
    del_ratio_log    0.6300   0.0535  11.7823 0.0000  0.5252  0.7348
      before_noon   -0.9636   0.2337  -4.1237 0.0000 -1.4216 -0.5056
          weekend   -0.0641   0.2271  -0.2822 0.7778 -0.5092  0.3810
      trend_slope    0.0174   3.2733   0.0053 0.9958 -6.3981  6.4329
seasonal_strength   -4.9494   0.9327  -5.3066 0.0000 -6.7774 -3.1213
      noise_ratio    0.1053   0.8966   0.1175 0.9065 -1.6520  1.8627
          n_weeks   -0.0040   0.0013  -3.0497 0.0023 -0.0065 -0.0014
competition_index   -1.5508   0.4671  -3.3198 0.0009 -2.4664 -0.6352
     cat_베이커리/디저트    0.1166   0.1699   0.6865 0.4924 -0.2163  0.4496
           cat_분식   -0.6971   0.1686  -4.1357 0.0000 -1.0274 -0.3667
           cat_술집   -0.8299   0.1379  -6.0180 0.0000 -1.1002 -0.5596
           cat_양식   -0.5914   0.1468  -4.0291 0.0001 -0.8791 -0.3037
           cat_일식   -0.7320   0.1467  -4.9884 0.0000 -1.0196 -0.4444
           cat_중식   -1.0612   0.1686  -6.2924 0.0000 -1.3917 -0.7306
           cat_카페   -0.0090   0.1359  -0.0666 0.9469 -0.2753  0.2572
        cat_패스트푸드   -0.1043   0.1534  -0.6797 0.4967 -0.4049  0.1964
           cat_한식   -0.1879   0.1757  -1.0693 0.2849 -0.5322  0.1565
--------------------------------------------------------------------
      y = 8        Coef.   Std.Err.    t     P>|t|   [0.025   0.975]
--------------------------------------------------------------------
            const  -3.3559   1.0676  -3.1433 0.0017  -5.4484 -1.2634
   slope_early_mm   4.0225   4.0405   0.9955 0.3195  -3.8968 11.9418
               cv  -1.9110   0.2135  -8.9516 0.0000  -2.3295 -1.4926
              mdd   7.7178   0.3152  24.4881 0.0000   7.1001  8.3355
          nc_rate   0.7984   0.2535   3.1491 0.0016   0.3015  1.2953
    del_ratio_log   0.7217   0.0613  11.7719 0.0000   0.6015  0.8418
      before_noon  -1.7911   0.2887  -6.2029 0.0000  -2.3570 -1.2251
          weekend   0.8668   0.2972   2.9167 0.0035   0.2843  1.4493
      trend_slope -10.3761   3.7240  -2.7863 0.0053 -17.6750 -3.0772
seasonal_strength  -0.5035   1.0145  -0.4963 0.6197  -2.4918  1.4848
      noise_ratio   0.5656   0.9721   0.5818 0.5607  -1.3397  2.4709
          n_weeks  -0.0417   0.0018 -23.4315 0.0000  -0.0452 -0.0382
competition_index  -0.0531   0.6062  -0.0876 0.9302  -1.2412  1.1349
     cat_베이커리/디저트   0.1055   0.2305   0.4579 0.6470  -0.3462  0.5572
           cat_분식  -0.1108   0.2143  -0.5169 0.6052  -0.5307  0.3092
           cat_술집  -1.3444   0.1949  -6.8993 0.0000  -1.7263 -0.9625
           cat_양식  -0.6820   0.2072  -3.2912 0.0010  -1.0881 -0.2758
           cat_일식  -0.4466   0.1997  -2.2369 0.0253  -0.8380 -0.0553
           cat_중식  -0.7177   0.2237  -3.2089 0.0013  -1.1561 -0.2793
           cat_카페  -0.0655   0.1829  -0.3580 0.7203  -0.4240  0.2930
        cat_패스트푸드   0.4987   0.1952   2.5546 0.0106   0.1161  0.8813
           cat_한식  -0.3108   0.2323  -1.3382 0.1808  -0.7661  0.1444
--------------------------------------------------------------------
       y = 9          Coef.  Std.Err.    t    P>|t|   [0.025  0.975]
--------------------------------------------------------------------
            const    -0.6653   0.9600 -0.6930 0.4883 -2.5469  1.2163
   slope_early_mm     3.9472   4.3928  0.8986 0.3689 -4.6625 12.5569
               cv    -1.4065   0.1602 -8.7786 0.0000 -1.7205 -1.0925
              mdd     3.4790   0.2352 14.7923 0.0000  3.0180  3.9399
          nc_rate     0.0733   0.2142  0.3420 0.7323 -0.3465  0.4930
    del_ratio_log     0.3754   0.0604  6.2168 0.0000  0.2571  0.4938
      before_noon    -0.3147   0.2657 -1.1842 0.2363 -0.8355  0.2062
          weekend    -0.2289   0.2522 -0.9076 0.3641 -0.7231  0.2654
      trend_slope     1.6207   3.8056  0.4259 0.6702 -5.8382  9.0796
seasonal_strength    -5.4817   0.9223 -5.9434 0.0000 -7.2894 -3.6740
      noise_ratio     0.4782   0.8826  0.5419 0.5879 -1.2516  2.2081
          n_weeks     0.0070   0.0015  4.7690 0.0000  0.0041  0.0099
competition_index    -0.9592   0.5273 -1.8191 0.0689 -1.9926  0.0743
     cat_베이커리/디저트     0.0272   0.1799  0.1512 0.8798 -0.3253  0.3797
           cat_분식    -0.6928   0.1806 -3.8360 0.0001 -1.0468 -0.3388
           cat_술집    -1.3222   0.1540 -8.5861 0.0000 -1.6240 -1.0204
           cat_양식    -0.6908   0.1594 -4.3332 0.0000 -1.0032 -0.3783
           cat_일식    -0.8427   0.1597 -5.2766 0.0000 -1.1557 -0.5297
           cat_중식    -1.0007   0.1806 -5.5400 0.0000 -1.3548 -0.6467
           cat_카페    -0.0815   0.1445 -0.5636 0.5730 -0.3647  0.2018
        cat_패스트푸드    -0.3413   0.1684 -2.0275 0.0426 -0.6713 -0.0114
           cat_한식    -0.5224   0.1938 -2.6956 0.0070 -0.9023 -0.1426
--------------------------------------------------------------------
       y = 10        Coef.  Std.Err.    t    P>|t|   [0.025   0.975]
--------------------------------------------------------------------
            const   -2.6684   2.2732 -1.1738 0.2405  -7.1238  1.7870
   slope_early_mm    0.2623   8.0996  0.0324 0.9742 -15.6126 16.1373
               cv   -0.5370   0.3224 -1.6656 0.0958  -1.1689  0.0949
              mdd    5.8210   0.6024  9.6630 0.0000   4.6403  7.0017
          nc_rate   -0.6274   0.4988 -1.2579 0.2084  -1.6049  0.3501
    del_ratio_log    0.6027   0.1076  5.6031 0.0000   0.3919  0.8135
      before_noon   -1.1321   0.5481 -2.0655 0.0389  -2.2063 -0.0579
          weekend   -0.9365   0.5863 -1.5972 0.1102  -2.0856  0.2127
      trend_slope   -2.0219   7.1880 -0.2813 0.7785 -16.1101 12.0663
seasonal_strength   -2.5299   2.1885 -1.1560 0.2477  -6.8194  1.7595
      noise_ratio   -0.2016   2.0845 -0.0967 0.9230  -4.2872  3.8840
          n_weeks   -0.0295   0.0034 -8.6961 0.0000  -0.0361 -0.0228
competition_index   -0.9569   1.2580 -0.7606 0.4469  -3.4225  1.5088
     cat_베이커리/디저트    0.3776   0.4461  0.8463 0.3974  -0.4968  1.2519
           cat_분식    0.1724   0.4181  0.4123 0.6801  -0.6471  0.9919
           cat_술집   -1.1309   0.4059 -2.7860 0.0053  -1.9265 -0.3353
           cat_양식   -0.1827   0.4053 -0.4507 0.6522  -0.9770  0.6117
           cat_일식   -0.3563   0.4216 -0.8452 0.3980  -1.1826  0.4700
           cat_중식   -1.3820   0.6162 -2.2427 0.0249  -2.5898 -0.1742
           cat_카페    0.2945   0.3624  0.8127 0.4164  -0.4158  1.0049
        cat_패스트푸드    0.9187   0.3814  2.4090 0.0160   0.1712  1.6662
           cat_한식    0.2691   0.4740  0.5678 0.5702  -0.6599  1.1981
====================================================================
