                         Results: MNLogit
===================================================================
Model:                MNLogit          Method:           MLE       
Dependent Variable:   y                Pseudo R-squared: 0.124     
Date:                 2026-03-21 16:49 AIC:              83429.6263
No. Observations:     20794            BIC:              85264.3253
Df Model:             220              Log-Likelihood:   -41484.   
Df Residuals:         20563            LL-Null:          -47361.   
Converged:            0.0000           LLR p-value:      0.0000    
No. Iterations:       2000.0000        Scale:            1.0000    
-------------------------------------------------------------------
      y = 0         Coef.  Std.Err.    t    P>|t|   [0.025   0.975]
-------------------------------------------------------------------
            const  -3.1303   3.3142 -0.9445 0.3449  -9.6260  3.3653
   slope_early_mm  -0.6342  10.0742 -0.0629 0.9498 -20.3792 19.1109
               cv   1.0873   0.3036  3.5810 0.0003   0.4922  1.6824
              mdd   3.3169   0.6771  4.8990 0.0000   1.9899  4.6440
          nc_rate   1.5429   0.5523  2.7934 0.0052   0.4604  2.6254
    del_ratio_log   0.1884   0.1278  1.4741 0.1405  -0.0621  0.4388
      before_noon  -1.7411   0.5757 -3.0243 0.0025  -2.8694 -0.6128
          weekend  -0.0909   0.6438 -0.1413 0.8877  -1.3527  1.1708
      trend_slope   0.9374   8.9974  0.1042 0.9170 -16.6972 18.5721
seasonal_strength  -2.8635   3.2451 -0.8824 0.3776  -9.2239  3.4968
      noise_ratio  -0.4523   3.1450 -0.1438 0.8856  -6.6164  5.7118
          n_weeks  -0.0079   0.0037 -2.1656 0.0303  -0.0151 -0.0008
     cat_베이커리/디저트  -0.2611   0.5053 -0.5167 0.6054  -1.2515  0.7293
           cat_분식  -0.3106   0.4574 -0.6791 0.4971  -1.2071  0.5859
           cat_술집  -0.8231   0.3379 -2.4363 0.0148  -1.4853 -0.1609
           cat_양식  -0.9735   0.4425 -2.1999 0.0278  -1.8408 -0.1062
           cat_일식  -0.2069   0.3710 -0.5577 0.5770  -0.9340  0.5202
           cat_중식  -1.9893   0.8319 -2.3913 0.0168  -3.6197 -0.3588
           cat_카페  -0.4244   0.3452 -1.2294 0.2189  -1.1011  0.2522
        cat_패스트푸드   0.2816   0.3789  0.7432 0.4573  -0.4610  1.0242
           cat_한식  -0.1602   0.2988 -0.5363 0.5917  -0.7459  0.4254
-------------------------------------------------------------------
      y = 1         Coef.  Std.Err.    t    P>|t|   [0.025   0.975]
-------------------------------------------------------------------
            const  -4.7815   1.3034 -3.6684 0.0002  -7.3362 -2.2268
   slope_early_mm  -4.0754   5.7552 -0.7081 0.4789 -15.3554  7.2045
               cv   1.0637   0.1570  6.7767 0.0000   0.7560  1.3713
              mdd   3.9600   0.3269 12.1135 0.0000   3.3193  4.6007
          nc_rate   0.3660   0.2444  1.4971 0.1344  -0.1132  0.8451
    del_ratio_log   0.1995   0.0585  3.4109 0.0006   0.0849  0.3142
      before_noon  -0.0297   0.2948 -0.1009 0.9196  -0.6075  0.5480
          weekend  -0.6023   0.2856 -2.1090 0.0349  -1.1621 -0.0426
      trend_slope  -2.1818   4.7309 -0.4612 0.6447 -11.4542  7.0906
seasonal_strength  -6.2936   1.2504 -5.0334 0.0000  -8.7443 -3.8429
      noise_ratio   0.4550   1.2088  0.3764 0.7066  -1.9142  2.8242
          n_weeks   0.0281   0.0017 16.1592 0.0000   0.0247  0.0315
     cat_베이커리/디저트   0.8367   0.1936  4.3213 0.0000   0.4572  1.2161
           cat_분식   0.2744   0.1933  1.4197 0.1557  -0.1044  0.6533
           cat_술집  -0.9048   0.1688 -5.3608 0.0000  -1.2356 -0.5740
           cat_양식  -0.5236   0.1886 -2.7770 0.0055  -0.8932 -0.1541
           cat_일식  -0.3842   0.1843 -2.0848 0.0371  -0.7454 -0.0230
           cat_중식  -0.3936   0.2147 -1.8329 0.0668  -0.8145  0.0273
           cat_카페   0.2035   0.1536  1.3248 0.1852  -0.0976  0.5046
        cat_패스트푸드   0.8037   0.1729  4.6485 0.0000   0.4648  1.1426
           cat_한식  -0.0538   0.1440 -0.3733 0.7089  -0.3361  0.2285
-------------------------------------------------------------------
      y = 2        Coef.   Std.Err.    t    P>|t|   [0.025   0.975]
-------------------------------------------------------------------
            const  -4.3712   1.6766 -2.6071 0.0091  -7.6574 -1.0851
   slope_early_mm -10.4629   3.9333 -2.6601 0.0078 -18.1721 -2.7538
               cv   0.8291   0.1652  5.0195 0.0000   0.5054  1.1529
              mdd   6.4891   0.2944 22.0431 0.0000   5.9121  7.0661
          nc_rate  -0.4013   0.2166 -1.8528 0.0639  -0.8259  0.0232
    del_ratio_log   0.6338   0.0487 13.0144 0.0000   0.5384  0.7293
      before_noon  -1.0674   0.2514 -4.2459 0.0000  -1.5601 -0.5747
          weekend   1.8675   0.2560  7.2942 0.0000   1.3657  2.3693
      trend_slope -14.0948   3.5465 -3.9743 0.0001 -21.0458 -7.1438
seasonal_strength  -1.2803   1.6470 -0.7774 0.4370  -4.5085  1.9478
      noise_ratio  -0.3601   1.6164 -0.2228 0.8237  -3.5281  2.8079
          n_weeks  -0.0102   0.0014 -7.2274 0.0000  -0.0130 -0.0074
     cat_베이커리/디저트   0.5184   0.1774  2.9225 0.0035   0.1707  0.8661
           cat_분식   0.4447   0.1623  2.7397 0.0061   0.1266  0.7628
           cat_술집  -1.3745   0.1523 -9.0256 0.0000  -1.6730 -1.0760
           cat_양식  -0.5740   0.1616 -3.5512 0.0004  -0.8908 -0.2572
           cat_일식  -0.1030   0.1538 -0.6700 0.5028  -0.4044  0.1984
           cat_중식  -0.3094   0.1743 -1.7751 0.0759  -0.6511  0.0322
           cat_카페  -0.4757   0.1390 -3.4218 0.0006  -0.7482 -0.2032
        cat_패스트푸드   1.0936   0.1476  7.4069 0.0000   0.8042  1.3829
           cat_한식  -0.3795   0.1270 -2.9890 0.0028  -0.6284 -0.1307
-------------------------------------------------------------------
      y = 3         Coef.  Std.Err.    t    P>|t|   [0.025   0.975]
-------------------------------------------------------------------
            const  -3.4160   2.9259 -1.1675 0.2430  -9.1506  2.3187
   slope_early_mm  -3.0612   5.0977 -0.6005 0.5482 -13.0524  6.9301
               cv   1.1841   0.1787  6.6250 0.0000   0.8338  1.5344
              mdd   4.4164   0.3634 12.1516 0.0000   3.7041  5.1288
          nc_rate   1.5212   0.2829  5.3769 0.0000   0.9667  2.0757
    del_ratio_log   0.2157   0.0732  2.9456 0.0032   0.0722  0.3593
      before_noon  -0.7872   0.3297 -2.3877 0.0170  -1.4334 -0.1410
          weekend  -1.4612   0.3342 -4.3727 0.0000  -2.1161 -0.8062
      trend_slope   4.2375   4.6605  0.9093 0.3632  -4.8968 13.3719
seasonal_strength  -1.5679   2.9003 -0.5406 0.5888  -7.2524  4.1166
      noise_ratio  -1.2117   2.8627 -0.4233 0.6721  -6.8225  4.3992
          n_weeks  -0.0090   0.0019 -4.8687 0.0000  -0.0127 -0.0054
     cat_베이커리/디저트   0.3516   0.2438  1.4418 0.1494  -0.1264  0.8295
           cat_분식  -0.1654   0.2423 -0.6826 0.4949  -0.6403  0.3095
           cat_술집  -0.3202   0.1778 -1.8007 0.0717  -0.6688  0.0283
           cat_양식  -0.5290   0.2152 -2.4583 0.0140  -0.9508 -0.1072
           cat_일식  -0.4069   0.2117 -1.9223 0.0546  -0.8217  0.0080
           cat_중식  -0.1493   0.2336 -0.6389 0.5229  -0.6071  0.3086
           cat_카페  -0.2691   0.1865 -1.4431 0.1490  -0.6346  0.0964
        cat_패스트푸드   0.3413   0.2112  1.6158 0.1061  -0.0727  0.7552
           cat_한식  -0.3142   0.1681 -1.8691 0.0616  -0.6437  0.0153
-------------------------------------------------------------------
      y = 4         Coef.  Std.Err.    t    P>|t|   [0.025   0.975]
-------------------------------------------------------------------
            const  -3.5257   1.2499 -2.8207 0.0048  -5.9755 -1.0759
   slope_early_mm  -6.2392   4.8643 -1.2827 0.1996 -15.7730  3.2946
               cv   1.1689   0.1512  7.7311 0.0000   0.8726  1.4653
              mdd   3.3661   0.2725 12.3512 0.0000   2.8319  3.9002
          nc_rate   0.1580   0.2234  0.7074 0.4793  -0.2798  0.5958
    del_ratio_log   0.1733   0.0560  3.0933 0.0020   0.0635  0.2832
      before_noon   0.3121   0.2767  1.1281 0.2593  -0.2301  0.8543
          weekend  -1.4063   0.2632 -5.3431 0.0000  -1.9221 -0.8904
      trend_slope  -1.0675   4.1084 -0.2598 0.7950  -9.1198  6.9847
seasonal_strength  -5.0795   1.2092 -4.2009 0.0000  -7.4494 -2.7096
      noise_ratio   0.5365   1.1728  0.4575 0.6473  -1.7621  2.8352
          n_weeks   0.0186   0.0015 12.1285 0.0000   0.0156  0.0216
     cat_베이커리/디저트   0.6574   0.1817  3.6180 0.0003   0.3013  1.0136
           cat_분식   0.5062   0.1697  2.9835 0.0029   0.1737  0.8388
           cat_술집  -1.2133   0.1580 -7.6795 0.0000  -1.5229 -0.9036
           cat_양식  -0.7141   0.1750 -4.0807 0.0000  -1.0570 -0.3711
           cat_일식  -0.3555   0.1640 -2.1669 0.0302  -0.6770 -0.0340
           cat_중식  -0.3969   0.1899 -2.0901 0.0366  -0.7691 -0.0247
           cat_카페  -0.0315   0.1414 -0.2227 0.8237  -0.3085  0.2456
        cat_패스트푸드   0.7917   0.1584  4.9979 0.0000   0.4812  1.1021
           cat_한식  -0.1781   0.1311 -1.3578 0.1745  -0.4351  0.0790
-------------------------------------------------------------------
      y = 5         Coef.  Std.Err.    t    P>|t|   [0.025   0.975]
-------------------------------------------------------------------
            const  -5.0637   2.5844 -1.9593 0.0501 -10.1291  0.0017
   slope_early_mm  -6.7836   4.8837 -1.3890 0.1648 -16.3555  2.7883
               cv   1.4229   0.1658  8.5846 0.0000   1.0981  1.7478
              mdd   7.5761   0.4337 17.4669 0.0000   6.7260  8.4262
          nc_rate   0.0106   0.2716  0.0390 0.9689  -0.5217  0.5428
    del_ratio_log   0.5870   0.0555 10.5695 0.0000   0.4781  0.6958
      before_noon  -0.5094   0.3129 -1.6281 0.1035  -1.1226  0.1038
          weekend  -0.2446   0.3172 -0.7710 0.4407  -0.8662  0.3771
      trend_slope  -6.4689   4.3730 -1.4793 0.1391 -15.0399  2.1020
seasonal_strength  -2.8045   2.5455 -1.1017 0.2706  -7.7935  2.1846
      noise_ratio  -1.7561   2.5094 -0.6998 0.4840  -6.6744  3.1622
          n_weeks  -0.0101   0.0017 -5.7535 0.0000  -0.0135 -0.0066
     cat_베이커리/디저트   0.5391   0.2169  2.4856 0.0129   0.1140  0.9641
           cat_분식   0.5211   0.1945  2.6791 0.0074   0.1399  0.9023
           cat_술집  -1.6546   0.2038 -8.1169 0.0000  -2.0541 -1.2551
           cat_양식  -0.5930   0.2017 -2.9394 0.0033  -0.9884 -0.1976
           cat_일식  -0.3022   0.1948 -1.5515 0.1208  -0.6841  0.0796
           cat_중식  -0.5236   0.2322 -2.2548 0.0241  -0.9787 -0.0685
           cat_카페   0.1225   0.1628  0.7522 0.4520  -0.1967  0.4416
        cat_패스트푸드   1.0260   0.1778  5.7707 0.0000   0.6775  1.3745
           cat_한식  -0.3461   0.1541 -2.2462 0.0247  -0.6481 -0.0441
-------------------------------------------------------------------
      y = 6         Coef.  Std.Err.    t     P>|t|   [0.025  0.975]
-------------------------------------------------------------------
            const   0.5422   1.1631   0.4662 0.6411 -1.7374  2.8218
   slope_early_mm   8.5736   3.6056   2.3778 0.0174  1.5067 15.6405
               cv  -0.0945   0.2056  -0.4594 0.6460 -0.4975  0.3086
              mdd   0.8379   0.2014   4.1603 0.0000  0.4432  1.2327
          nc_rate   0.9216   0.2096   4.3974 0.0000  0.5108  1.3323
    del_ratio_log  -0.0246   0.0703  -0.3506 0.7259 -0.1624  0.1132
      before_noon  -1.3660   0.2623  -5.2083 0.0000 -1.8801 -0.8520
          weekend  -0.4910   0.2557  -1.9206 0.0548 -0.9921  0.0101
      trend_slope   8.3851   3.3921   2.4720 0.0134  1.7368 15.0334
seasonal_strength   0.4607   1.1360   0.4055 0.6851 -1.7659  2.6872
      noise_ratio   1.1036   1.1069   0.9970 0.3188 -1.0659  3.2732
          n_weeks  -0.0200   0.0014 -13.8888 0.0000 -0.0229 -0.0172
     cat_베이커리/디저트  -0.7426   0.2085  -3.5609 0.0004 -1.1513 -0.3339
           cat_분식  -0.6321   0.1851  -3.4156 0.0006 -0.9949 -0.2694
           cat_술집  -0.8156   0.1395  -5.8450 0.0000 -1.0890 -0.5421
           cat_양식  -0.6419   0.1594  -4.0259 0.0001 -0.9544 -0.3294
           cat_일식  -0.5044   0.1550  -3.2535 0.0011 -0.8082 -0.2005
           cat_중식  -0.8409   0.1817  -4.6281 0.0000 -1.1970 -0.4848
           cat_카페  -0.5331   0.1367  -3.8985 0.0001 -0.8011 -0.2651
        cat_패스트푸드  -0.4662   0.1721  -2.7083 0.0068 -0.8036 -0.1288
           cat_한식  -0.7042   0.1285  -5.4814 0.0000 -0.9560 -0.4524
-------------------------------------------------------------------
       y = 7         Coef.  Std.Err.    t    P>|t|   [0.025  0.975]
-------------------------------------------------------------------
            const    0.3450   1.1522  0.2995 0.7646 -1.9132  2.6033
   slope_early_mm    8.2458   3.5676  2.3113 0.0208  1.2534 15.2382
               cv    0.6983   0.1506  4.6356 0.0000  0.4031  0.9936
              mdd    1.6421   0.1943  8.4501 0.0000  1.2612  2.0230
          nc_rate    0.4612   0.1861  2.4780 0.0132  0.0964  0.8259
    del_ratio_log    0.2376   0.0517  4.6001 0.0000  0.1364  0.3389
      before_noon   -0.7145   0.2311 -3.0917 0.0020 -1.1675 -0.2616
          weekend    0.0062   0.2234  0.0278 0.9778 -0.4316  0.4441
      trend_slope    0.0571   3.2013  0.0178 0.9858 -6.2172  6.3315
seasonal_strength   -4.1628   1.1290 -3.6871 0.0002 -6.3756 -1.9500
      noise_ratio    0.6572   1.0984  0.5983 0.5496 -1.4957  2.8100
          n_weeks   -0.0008   0.0013 -0.6600 0.5092 -0.0033  0.0017
     cat_베이커리/디저트    0.2224   0.1655  1.3442 0.1789 -0.1019  0.5467
           cat_분식   -0.4711   0.1659 -2.8400 0.0045 -0.7963 -0.1460
           cat_술집   -0.7818   0.1279 -6.1147 0.0000 -1.0324 -0.5312
           cat_양식   -0.3867   0.1424 -2.7160 0.0066 -0.6658 -0.1076
           cat_일식   -0.5215   0.1431 -3.6451 0.0003 -0.8018 -0.2411
           cat_중식   -0.7466   0.1657 -4.5059 0.0000 -1.0714 -0.4219
           cat_카페    0.0115   0.1223  0.0940 0.9251 -0.2281  0.2511
        cat_패스트푸드   -0.0121   0.1478 -0.0822 0.9345 -0.3018  0.2775
           cat_한식   -0.4269   0.1161 -3.6783 0.0002 -0.6544 -0.1994
-------------------------------------------------------------------
      y = 8        Coef.  Std.Err.    t     P>|t|   [0.025   0.975]
-------------------------------------------------------------------
            const -2.2581   1.2507  -1.8054 0.0710  -4.7095  0.1934
   slope_early_mm  2.9254   3.9805   0.7349 0.4624  -4.8763 10.7271
               cv -0.3772   0.2180  -1.7302 0.0836  -0.8044  0.0501
              mdd  5.5416   0.2920  18.9802 0.0000   4.9694  6.1139
          nc_rate  0.2878   0.2505   1.1491 0.2505  -0.2031  0.7788
    del_ratio_log  0.4971   0.0594   8.3737 0.0000   0.3807  0.6134
      before_noon -1.5967   0.2902  -5.5026 0.0000  -2.1654 -1.0279
          weekend  0.5747   0.2955   1.9449 0.0518  -0.0044  1.1538
      trend_slope -7.7055   3.6631  -2.1035 0.0354 -14.8851 -0.5260
seasonal_strength -0.6866   1.2073  -0.5687 0.5696  -3.0528  1.6797
      noise_ratio  0.7524   1.1701   0.6430 0.5202  -1.5409  3.0457
          n_weeks -0.0373   0.0017 -21.4029 0.0000  -0.0408 -0.0339
     cat_베이커리/디저트  0.2462   0.2265   1.0871 0.2770  -0.1977  0.6901
           cat_분식  0.0445   0.2133   0.2088 0.8346  -0.3735  0.4626
           cat_술집 -1.0701   0.1849  -5.7876 0.0000  -1.4324 -0.7077
           cat_양식 -0.4644   0.2051  -2.2644 0.0235  -0.8664 -0.0624
           cat_일식 -0.2445   0.1974  -1.2387 0.2154  -0.6313  0.1423
           cat_중식 -0.4849   0.2230  -2.1750 0.0296  -0.9219 -0.0479
           cat_카페 -0.0546   0.1705  -0.3205 0.7486  -0.3889  0.2796
        cat_패스트푸드  0.6609   0.1896   3.4853 0.0005   0.2892  1.0325
           cat_한식 -0.1247   0.1597  -0.7812 0.4347  -0.4377  0.1882
-------------------------------------------------------------------
       y = 9         Coef.  Std.Err.    t    P>|t|   [0.025  0.975]
-------------------------------------------------------------------
            const   -0.4519   1.1594 -0.3898 0.6967 -2.7242  1.8204
   slope_early_mm    3.0143   4.3791  0.6883 0.4912 -5.5686 11.5972
               cv    1.2022   0.1522  7.8998 0.0000  0.9039  1.5005
              mdd    0.7810   0.2202  3.5472 0.0004  0.3495  1.2126
          nc_rate   -0.7870   0.2128 -3.6989 0.0002 -1.2040 -0.3700
    del_ratio_log    0.1325   0.0579  2.2909 0.0220  0.0191  0.2459
      before_noon    0.3695   0.2694  1.3716 0.1702 -0.1585  0.8974
          weekend   -0.0402   0.2530 -0.1588 0.8738 -0.5360  0.4557
      trend_slope    1.2440   3.7847  0.3287 0.7424 -6.1738  8.6617
seasonal_strength   -4.7582   1.1284 -4.2168 0.0000 -6.9699 -2.5466
      noise_ratio    0.9919   1.0943  0.9064 0.3647 -1.1529  3.1368
          n_weeks    0.0109   0.0015  7.4721 0.0000  0.0080  0.0137
     cat_베이커리/디저트    0.1341   0.1786  0.7509 0.4527 -0.2159  0.4842
           cat_분식   -0.3774   0.1784 -2.1152 0.0344 -0.7272 -0.0277
           cat_술집   -1.1721   0.1465 -7.9999 0.0000 -1.4592 -0.8849
           cat_양식   -0.4297   0.1577 -2.7256 0.0064 -0.7387 -0.1207
           cat_일식   -0.5517   0.1581 -3.4905 0.0005 -0.8615 -0.2419
           cat_중식   -0.6664   0.1789 -3.7245 0.0002 -1.0171 -0.3157
           cat_카페    0.0255   0.1315  0.1941 0.8461 -0.2322  0.2832
        cat_패스트푸드   -0.1993   0.1643 -1.2134 0.2250 -0.5214  0.1227
           cat_한식   -0.5349   0.1263 -4.2354 0.0000 -0.7824 -0.2873
-------------------------------------------------------------------
      y = 10       Coef.  Std.Err.    t     P>|t|   [0.025   0.975]
-------------------------------------------------------------------
            const -2.0734   1.9673  -1.0540 0.2919  -5.9292  1.7824
   slope_early_mm  0.2006   7.3079   0.0274 0.9781 -14.1227 14.5239
               cv  1.2623   0.2401   5.2585 0.0000   0.7918  1.7328
              mdd  4.0927   0.5404   7.5734 0.0000   3.0335  5.1519
          nc_rate -0.4176   0.4761  -0.8772 0.3804  -1.3507  0.5155
    del_ratio_log  0.4198   0.1020   4.1139 0.0000   0.2198  0.6198
      before_noon -0.8508   0.5321  -1.5990 0.1098  -1.8937  0.1921
          weekend -0.5154   0.5650  -0.9123 0.3616  -1.6228  0.5920
      trend_slope -1.4993   6.5089  -0.2303 0.8178 -14.2566 11.2579
seasonal_strength -2.2476   1.8837  -1.1932 0.2328  -5.9396  1.4444
      noise_ratio  0.3514   1.7804   0.1974 0.8435  -3.1381  3.8408
          n_weeks -0.0394   0.0035 -11.3888 0.0000  -0.0462 -0.0326
     cat_베이커리/디저트  0.2815   0.4351   0.6470 0.5176  -0.5712  1.1342
           cat_분식  0.2008   0.4088   0.4911 0.6233  -0.6004  1.0020
           cat_술집 -1.1433   0.3707  -3.0838 0.0020  -1.8699 -0.4166
           cat_양식 -0.1517   0.3921  -0.3868 0.6989  -0.9202  0.6169
           cat_일식 -0.2611   0.4014  -0.6504 0.5154  -1.0478  0.5256
           cat_중식 -0.8936   0.5191  -1.7215 0.0852  -1.9109  0.1238
           cat_카페  0.1482   0.3289   0.4505 0.6523  -0.4964  0.7928
        cat_패스트푸드  0.7017   0.3695   1.8988 0.0576  -0.0226  1.4260
           cat_한식  0.1023   0.3086   0.3316 0.7402  -0.5026  0.7072
===================================================================
