                            Results: MNLogit
========================================================================
Model:                 MNLogit            Method:             MLE       
Dependent Variable:    y                  Pseudo R-squared:   0.469     
Date:                  2026-03-21 16:54   AIC:                19194.8764
No. Observations:      7797               BIC:                20726.4052
Df Model:              209                Log-Likelihood:     -9377.4   
Df Residuals:          7577               LL-Null:            -17651.   
Converged:             0.0000             LLR p-value:        0.0000    
No. Iterations:        2000.0000          Scale:              1.0000    
------------------------------------------------------------------------
      y = 0         Coef.   Std.Err.    t     P>|t|    [0.025    0.975] 
------------------------------------------------------------------------
            const   21.4708  21.9766   0.9770 0.3286  -21.6026   64.5442
   slope_early_mm -517.0676  34.5314 -14.9738 0.0000 -584.7480 -449.3872
               cv   -1.5833   0.5451  -2.9044 0.0037   -2.6517   -0.5148
              mdd    5.0930   1.2360   4.1204 0.0000    2.6704    7.5156
          nc_rate    1.4074   0.9376   1.5010 0.1333   -0.4303    3.2451
    del_ratio_log    0.1765   0.2181   0.8095 0.4182   -0.2509    0.6040
      before_noon   -1.2947   1.0359  -1.2498 0.2114   -3.3251    0.7357
          weekend   -0.2292   0.9872  -0.2322 0.8164   -2.1641    1.7057
      trend_slope  -20.6062  19.2690  -1.0694 0.2849  -58.3727   17.1603
seasonal_strength  -26.0023  21.9716  -1.1835 0.2366  -69.0658   17.0612
      noise_ratio  -25.5198  21.8422  -1.1684 0.2427  -68.3297   17.2901
     cat_베이커리/디저트   -0.1165   0.7923  -0.1471 0.8831   -1.6695    1.4364
           cat_분식   -1.0889   0.8361  -1.3024 0.1928   -2.7275    0.5498
           cat_술집   -1.6916   0.6255  -2.7045 0.0068   -2.9176   -0.4657
           cat_양식   -0.7515   0.6694  -1.1225 0.2616   -2.0636    0.5606
           cat_일식   -0.0775   0.6002  -0.1291 0.8973   -1.2539    1.0989
           cat_중식   -2.4741   1.6203  -1.5269 0.1268   -5.6499    0.7016
           cat_카페   -0.5117   0.5478  -0.9341 0.3503   -1.5853    0.5620
        cat_패스트푸드   -0.2681   0.6493  -0.4129 0.6797   -1.5408    1.0046
           cat_한식   -0.6427   0.5028  -1.2782 0.2012   -1.6283    0.3428
------------------------------------------------------------------------
      y = 1         Coef.   Std.Err.    t     P>|t|    [0.025    0.975] 
------------------------------------------------------------------------
            const   -0.4532   1.6779  -0.2701 0.7871   -3.7419    2.8354
   slope_early_mm -590.4902  22.9987 -25.6750 0.0000 -635.5668 -545.4137
               cv   -3.7796   0.3778 -10.0039 0.0000   -4.5201   -3.0391
              mdd    5.5487   0.6573   8.4421 0.0000    4.2605    6.8369
          nc_rate    0.0196   0.5606   0.0350 0.9721   -1.0792    1.1184
    del_ratio_log    0.3141   0.1423   2.2072 0.0273    0.0352    0.5930
      before_noon   -0.9834   0.6396  -1.5375 0.1242   -2.2369    0.2702
          weekend   -1.1447   0.6417  -1.7839 0.0744   -2.4024    0.1130
      trend_slope -332.9190  12.7736 -26.0631 0.0000 -357.9547 -307.8833
seasonal_strength   -1.4344   1.5582  -0.9205 0.3573   -4.4884    1.6197
      noise_ratio    1.1313   1.3684   0.8267 0.4084   -1.5507    3.8132
     cat_베이커리/디저트   -0.1526   0.5040  -0.3028 0.7620   -1.1405    0.8352
           cat_분식   -0.8146   0.4875  -1.6708 0.0948   -1.7701    0.1410
           cat_술집   -1.6093   0.3925  -4.1002 0.0000   -2.3786   -0.8400
           cat_양식   -1.1685   0.5085  -2.2980 0.0216   -2.1651   -0.1719
           cat_일식   -1.9584   0.5161  -3.7947 0.0001   -2.9700   -0.9469
           cat_중식   -1.5114   0.5232  -2.8888 0.0039   -2.5368   -0.4860
           cat_카페   -0.6154   0.3829  -1.6074 0.1080   -1.3658    0.1350
        cat_패스트푸드   -0.9405   0.4277  -2.1988 0.0279   -1.7789   -0.1022
           cat_한식   -1.1631   0.3568  -3.2601 0.0011   -1.8624   -0.4638
------------------------------------------------------------------------
      y = 2         Coef.   Std.Err.    t     P>|t|    [0.025    0.975] 
------------------------------------------------------------------------
            const   -3.9751   1.8012  -2.2069 0.0273   -7.5055   -0.4448
   slope_early_mm -675.7860  23.5614 -28.6819 0.0000 -721.9655 -629.6065
               cv   -4.6306   0.4184 -11.0684 0.0000   -5.4505   -3.8106
              mdd    4.6168   0.6723   6.8671 0.0000    3.2991    5.9345
          nc_rate   -0.5114   0.6078  -0.8415 0.4001   -1.7027    0.6798
    del_ratio_log    0.5091   0.1470   3.4637 0.0005    0.2210    0.7972
      before_noon   -0.5004   0.6871  -0.7283 0.4664   -1.8471    0.8463
          weekend   -0.5589   0.6973  -0.8014 0.4229   -1.9256    0.8079
      trend_slope -571.7048  14.3812 -39.7536 0.0000 -599.8914 -543.5182
seasonal_strength    4.0178   1.6564   2.4257 0.0153    0.7714    7.2643
      noise_ratio    2.2367   1.4906   1.5006 0.1335   -0.6847    5.1582
     cat_베이커리/디저트   -0.2953   0.5301  -0.5570 0.5775   -1.3342    0.7437
           cat_분식   -0.8359   0.5129  -1.6298 0.1031   -1.8412    0.1693
           cat_술집   -1.7642   0.4345  -4.0604 0.0000   -2.6158   -0.9126
           cat_양식   -0.6933   0.5265  -1.3167 0.1879   -1.7252    0.3387
           cat_일식   -1.0895   0.5021  -2.1699 0.0300   -2.0737   -0.1054
           cat_중식   -1.0823   0.5378  -2.0123 0.0442   -2.1364   -0.0281
           cat_카페   -1.1128   0.4220  -2.6368 0.0084   -1.9400   -0.2857
        cat_패스트푸드   -1.0739   0.4529  -2.3713 0.0177   -1.9615   -0.1863
           cat_한식   -1.0822   0.3870  -2.7962 0.0052   -1.8408   -0.3237
------------------------------------------------------------------------
      y = 3         Coef.   Std.Err.    t     P>|t|    [0.025    0.975] 
------------------------------------------------------------------------
            const   -3.7461   1.6456  -2.2764 0.0228   -6.9714   -0.5207
   slope_early_mm -604.2996  24.2706 -24.8984 0.0000 -651.8691 -556.7301
               cv   -0.4553   0.3257  -1.3977 0.1622   -1.0937    0.1831
              mdd    3.0161   0.6833   4.4138 0.0000    1.6768    4.3553
          nc_rate    0.0612   0.6087   0.1005 0.9200   -1.1319    1.2542
    del_ratio_log    0.3168   0.1500   2.1113 0.0347    0.0227    0.6108
      before_noon   -0.3124   0.6802  -0.4593 0.6461   -1.6456    1.0208
          weekend   -1.0314   0.6897  -1.4954 0.1348   -2.3832    0.3204
      trend_slope  -25.4133  12.5160  -2.0305 0.0423  -49.9443   -0.8824
seasonal_strength    3.0403   1.4954   2.0332 0.0420    0.1095    5.9712
      noise_ratio    1.1318   1.3322   0.8496 0.3956   -1.4792    3.7428
     cat_베이커리/디저트    0.8175   0.5344   1.5298 0.1261   -0.2299    1.8648
           cat_분식   -0.4969   0.5487  -0.9057 0.3651   -1.5724    0.5785
           cat_술집   -0.5665   0.4175  -1.3568 0.1749   -1.3847    0.2518
           cat_양식   -0.6664   0.5210  -1.2792 0.2008   -1.6875    0.3546
           cat_일식   -0.2433   0.4918  -0.4948 0.6207   -1.2072    0.7205
           cat_중식   -0.1821   0.5557  -0.3276 0.7432   -1.2712    0.9071
           cat_카페   -0.2835   0.4142  -0.6845 0.4937   -1.0955    0.5284
        cat_패스트푸드   -0.0004   0.4760  -0.0009 0.9993   -0.9333    0.9325
           cat_한식   -0.5083   0.3888  -1.3072 0.1911   -1.2703    0.2538
------------------------------------------------------------------------
      y = 4         Coef.   Std.Err.    t     P>|t|    [0.025    0.975] 
------------------------------------------------------------------------
            const    1.0795   1.6707   0.6461 0.5182   -2.1951    4.3541
   slope_early_mm -656.2978  22.5528 -29.1005 0.0000 -700.5005 -612.0950
               cv   -2.8260   0.3584  -7.8851 0.0000   -3.5284   -2.1236
              mdd    2.7742   0.5785   4.7958 0.0000    1.6404    3.9080
          nc_rate   -0.1212   0.5450  -0.2224 0.8240   -1.1893    0.9469
    del_ratio_log    0.0250   0.1516   0.1651 0.8689   -0.2721    0.3221
      before_noon   -0.5064   0.6389  -0.7926 0.4280   -1.7586    0.7458
          weekend   -2.5307   0.6319  -4.0051 0.0001   -3.7691   -1.2923
      trend_slope -281.4659  12.3281 -22.8312 0.0000 -305.6286 -257.3032
seasonal_strength    0.0088   1.5580   0.0057 0.9955   -3.0447    3.0623
      noise_ratio    1.2128   1.3857   0.8752 0.3814   -1.5031    3.9287
     cat_베이커리/디저트    0.3653   0.4862   0.7514 0.4524   -0.5876    1.3183
           cat_분식   -0.5133   0.4807  -1.0679 0.2856   -1.4555    0.4289
           cat_술집   -1.3856   0.3965  -3.4940 0.0005   -2.1628   -0.6083
           cat_양식   -0.6883   0.4905  -1.4031 0.1606   -1.6497    0.2731
           cat_일식   -1.1016   0.4717  -2.3355 0.0195   -2.0261   -0.1771
           cat_중식   -1.2967   0.5227  -2.4808 0.0131   -2.3212   -0.2722
           cat_카페   -0.8463   0.3954  -2.1403 0.0323   -1.6213   -0.0713
        cat_패스트푸드   -0.6144   0.4316  -1.4234 0.1546   -1.4603    0.2316
           cat_한식   -0.8074   0.3603  -2.2411 0.0250   -1.5136   -0.1013
------------------------------------------------------------------------
      y = 5         Coef.   Std.Err.    t     P>|t|    [0.025    0.975] 
------------------------------------------------------------------------
            const   -2.2794   2.6431  -0.8624 0.3885   -7.4598    2.9009
   slope_early_mm -740.8716  24.3249 -30.4573 0.0000 -788.5476 -693.1956
               cv   -3.7871   0.4373  -8.6609 0.0000   -4.6441   -2.9301
              mdd    2.9297   0.7752   3.7793 0.0002    1.4103    4.4490
          nc_rate    0.3049   0.6944   0.4392 0.6605   -1.0560    1.6659
    del_ratio_log    0.4123   0.1589   2.5942 0.0095    0.1008    0.7239
      before_noon   -0.3739   0.7602  -0.4918 0.6228   -1.8638    1.1160
          weekend   -2.1790   0.7799  -2.7940 0.0052   -3.7075   -0.6505
      trend_slope -548.8512  15.6893 -34.9824 0.0000 -579.6018 -518.1007
seasonal_strength    1.7669   2.5185   0.7016 0.4829   -3.1693    6.7031
      noise_ratio    0.6125   2.3460   0.2611 0.7940   -3.9857    5.2107
     cat_베이커리/디저트    0.0645   0.5802   0.1112 0.9115   -1.0726    1.2016
           cat_분식   -0.7688   0.5744  -1.3384 0.1808   -1.8945    0.3570
           cat_술집   -1.6413   0.4944  -3.3195 0.0009   -2.6103   -0.6722
           cat_양식   -0.3124   0.5808  -0.5378 0.5907   -1.4508    0.8260
           cat_일식   -0.3596   0.5454  -0.6593 0.5097   -1.4286    0.7094
           cat_중식   -1.1840   0.6117  -1.9357 0.0529   -2.3829    0.0149
           cat_카페   -0.6333   0.4716  -1.3429 0.1793   -1.5577    0.2910
        cat_패스트푸드   -1.3783   0.5124  -2.6898 0.0072   -2.3826   -0.3740
           cat_한식   -0.7895   0.4341  -1.8187 0.0690   -1.6404    0.0613
------------------------------------------------------------------------
        y = 6          Coef.   Std.Err.    t    P>|t|   [0.025   0.975] 
------------------------------------------------------------------------
            const      -1.1930   1.4177 -0.8415 0.4001  -3.9717   1.5857
   slope_early_mm     105.5889   5.7848 18.2527 0.0000  94.2508 116.9270
               cv      -2.1417   0.3493 -6.1307 0.0000  -2.8263  -1.4570
              mdd       1.7258   0.2793  6.1796 0.0000   1.1785   2.2732
          nc_rate      -0.5948   0.3155 -1.8852 0.0594  -1.2133   0.0236
    del_ratio_log       0.0320   0.1133  0.2827 0.7774  -0.1900   0.2541
      before_noon      -0.8082   0.4183 -1.9322 0.0533  -1.6280   0.0116
          weekend       0.0050   0.4004  0.0126 0.9900  -0.7797   0.7898
      trend_slope     -32.4743   6.6210 -4.9048 0.0000 -45.4512 -19.4974
seasonal_strength       0.9750   1.3821  0.7055 0.4805  -1.7339   3.6840
      noise_ratio       0.6589   1.3040  0.5053 0.6134  -1.8969   3.2146
     cat_베이커리/디저트      -0.4099   0.3434 -1.1937 0.2326  -1.0829   0.2631
           cat_분식      -0.1370   0.3174 -0.4315 0.6661  -0.7590   0.4851
           cat_술집      -0.5118   0.2651 -1.9301 0.0536  -1.0314   0.0079
           cat_양식      -0.3082   0.2980 -1.0341 0.3011  -0.8923   0.2759
           cat_일식      -0.1752   0.2885 -0.6073 0.5437  -0.7405   0.3902
           cat_중식      -0.7481   0.3213 -2.3287 0.0199  -1.3777  -0.1185
           cat_카페      -0.4940   0.2578 -1.9159 0.0554  -0.9994   0.0114
        cat_패스트푸드      -0.0361   0.2985 -0.1211 0.9036  -0.6211   0.5488
           cat_한식      -0.5601   0.2474 -2.2633 0.0236  -1.0450  -0.0751
------------------------------------------------------------------------
      y = 7         Coef.   Std.Err.    t     P>|t|    [0.025    0.975] 
------------------------------------------------------------------------
            const   -0.5109   1.1675  -0.4376 0.6617   -2.7992    1.7775
   slope_early_mm   67.3672   6.9703   9.6650 0.0000   53.7058   81.0287
               cv   -4.3145   0.3367 -12.8150 0.0000   -4.9744   -3.6546
              mdd    4.5020   0.3249  13.8555 0.0000    3.8652    5.1389
          nc_rate   -0.2349   0.3469  -0.6771 0.4983   -0.9147    0.4450
    del_ratio_log    0.2816   0.1108   2.5408 0.0111    0.0644    0.4988
      before_noon   -1.1649   0.4542  -2.5650 0.0103   -2.0551   -0.2748
          weekend   -0.2176   0.4249  -0.5121 0.6086   -1.0503    0.6151
      trend_slope -307.8589   9.7507 -31.5729 0.0000 -326.9700 -288.7478
seasonal_strength    0.7425   1.1081   0.6701 0.5028   -1.4292    2.9143
      noise_ratio    1.9082   1.0176   1.8752 0.0608   -0.0863    3.9027
     cat_베이커리/디저트   -0.0659   0.3548  -0.1859 0.8525   -0.7612    0.6294
           cat_분식   -1.0890   0.3472  -3.1370 0.0017   -1.7694   -0.4086
           cat_술집   -1.3161   0.2753  -4.7807 0.0000   -1.8557   -0.7765
           cat_양식   -0.6979   0.3154  -2.2124 0.0269   -1.3161   -0.0796
           cat_일식   -1.0665   0.3093  -3.4480 0.0006   -1.6727   -0.4603
           cat_중식   -1.2741   0.3315  -3.8430 0.0001   -1.9239   -0.6243
           cat_카페   -0.4555   0.2681  -1.6991 0.0893   -0.9809    0.0699
        cat_패스트푸드   -0.6435   0.3087  -2.0846 0.0371   -1.2486   -0.0385
           cat_한식   -1.0336   0.2552  -4.0506 0.0001   -1.5337   -0.5335
------------------------------------------------------------------------
      y = 8         Coef.   Std.Err.    t     P>|t|    [0.025    0.975] 
------------------------------------------------------------------------
            const   -5.9924   1.3882  -4.3165 0.0000   -8.7133   -3.2715
   slope_early_mm   48.6446   9.7185   5.0054 0.0000   29.5967   67.6925
               cv   -5.1009   0.4288 -11.8955 0.0000   -5.9414   -4.2605
              mdd    6.2869   0.4960  12.6762 0.0000    5.3148    7.2589
          nc_rate   -0.4503   0.4847  -0.9290 0.3529   -1.4004    0.4997
    del_ratio_log    0.3949   0.1383   2.8558 0.0043    0.1239    0.6660
      before_noon   -0.1726   0.6295  -0.2741 0.7840   -1.4063    1.0612
          weekend   -1.1701   0.5816  -2.0118 0.0442   -2.3100   -0.0302
      trend_slope -547.2114  12.5924 -43.4555 0.0000 -571.8921 -522.5306
seasonal_strength    4.5372   1.2486   3.6338 0.0003    2.0900    6.9844
      noise_ratio    2.6195   1.1258   2.3267 0.0200    0.4129    4.8261
     cat_베이커리/디저트    0.4530   0.4835   0.9369 0.3488   -0.4947    1.4008
           cat_분식   -0.0564   0.4632  -0.1218 0.9030   -0.9643    0.8514
           cat_술집   -1.2970   0.3924  -3.3052 0.0009   -2.0660   -0.5279
           cat_양식   -0.6039   0.4595  -1.3142 0.1888   -1.5044    0.2967
           cat_일식   -0.5113   0.4270  -1.1974 0.2311   -1.3483    0.3256
           cat_중식   -0.9786   0.4698  -2.0828 0.0373   -1.8995   -0.0577
           cat_카페   -0.1284   0.3761  -0.3415 0.7327   -0.8657    0.6088
        cat_패스트푸드   -0.6260   0.4268  -1.4666 0.1425   -1.4625    0.2106
           cat_한식   -0.5966   0.3584  -1.6647 0.0960   -1.2991    0.1058
------------------------------------------------------------------------
      y = 9         Coef.   Std.Err.    t     P>|t|    [0.025    0.975] 
------------------------------------------------------------------------
            const   -1.8086   1.2165  -1.4867 0.1371   -4.1928    0.5757
   slope_early_mm  -44.0749   9.5330  -4.6234 0.0000  -62.7593  -25.3905
               cv   -2.8249   0.3134  -9.0135 0.0000   -3.4391   -2.2106
              mdd    3.4820   0.3780   9.2111 0.0000    2.7411    4.2229
          nc_rate    0.2465   0.3967   0.6215 0.5343   -0.5309    1.0240
    del_ratio_log    0.0604   0.1284   0.4701 0.6383   -0.1913    0.3120
      before_noon    1.1549   0.5554   2.0794 0.0376    0.0663    2.2436
          weekend   -1.6569   0.4794  -3.4564 0.0005   -2.5965   -0.7173
      trend_slope -302.8566  10.7300 -28.2253 0.0000 -323.8870 -281.8263
seasonal_strength    0.1801   1.1232   0.1603 0.8726   -2.0213    2.3814
      noise_ratio    2.0301   1.0180   1.9942 0.0461    0.0348    4.0254
     cat_베이커리/디저트    0.2471   0.3862   0.6399 0.5222   -0.5098    1.0040
           cat_분식   -0.2709   0.3667  -0.7386 0.4601   -0.9896    0.4478
           cat_술집   -1.3825   0.3057  -4.5232 0.0000   -1.9816   -0.7835
           cat_양식   -0.6594   0.3545  -1.8600 0.0629   -1.3542    0.0354
           cat_일식   -0.9167   0.3415  -2.6843 0.0073   -1.5861   -0.2474
           cat_중식   -0.8717   0.3639  -2.3953 0.0166   -1.5849   -0.1584
           cat_카페   -0.4934   0.3018  -1.6351 0.1020   -1.0849    0.0980
        cat_패스트푸드   -1.3345   0.3611  -3.6961 0.0002   -2.0421   -0.6268
           cat_한식   -0.9770   0.2828  -3.4549 0.0006   -1.5313   -0.4227
------------------------------------------------------------------------
      y = 10        Coef.   Std.Err.    t     P>|t|    [0.025    0.975] 
------------------------------------------------------------------------
            const   -3.8098   2.8172  -1.3523 0.1763   -9.3314    1.7118
   slope_early_mm   31.3937  14.5722   2.1544 0.0312    2.8327   59.9547
               cv   -3.7595   0.5223  -7.1975 0.0000   -4.7833   -2.7358
              mdd    5.2095   0.8063   6.4612 0.0000    3.6292    6.7897
          nc_rate   -0.4539   0.7409  -0.6126 0.5401   -1.9060    0.9982
    del_ratio_log    0.3305   0.1954   1.6909 0.0909   -0.0526    0.7135
      before_noon    0.0626   0.9206   0.0680 0.9458   -1.7418    1.8670
          weekend   -2.3306   0.8853  -2.6325 0.0085   -4.0659   -0.5954
      trend_slope -553.5566  15.7091 -35.2379 0.0000 -584.3460 -522.7673
seasonal_strength   -0.3757   2.6065  -0.1441 0.8854   -5.4843    4.7329
      noise_ratio   -0.5048   2.4126  -0.2092 0.8343   -5.2334    4.2238
     cat_베이커리/디저트    0.9163   0.7767   1.1798 0.2381   -0.6060    2.4387
           cat_분식    0.3430   0.7739   0.4432 0.6576   -1.1739    1.8599
           cat_술집   -0.5834   0.6767  -0.8621 0.3886   -1.9098    0.7430
           cat_양식    0.2921   0.7517   0.3886 0.6976   -1.1812    1.7654
           cat_일식    0.1226   0.7230   0.1696 0.8653   -1.2944    1.5396
           cat_중식   -0.6596   0.8428  -0.7826 0.4339   -2.3113    0.9922
           cat_카페    0.2404   0.6619   0.3632 0.7165   -1.0570    1.5377
        cat_패스트푸드   -0.2642   0.7335  -0.3602 0.7187   -1.7018    1.1733
           cat_한식    0.0537   0.6330   0.0848 0.9324   -1.1871    1.2944
========================================================================
