                          Results: MNLogit
=====================================================================
Model:                MNLogit           Method:            MLE       
Dependent Variable:   y                 Pseudo R-squared:  0.136     
Date:                 2026-03-21 16:53  AIC:               82548.5657
No. Observations:     20794             BIC:               85256.9308
Df Model:             330               Log-Likelihood:    -40933.   
Df Residuals:         20453             LL-Null:           -47361.   
Converged:            0.0000            LLR p-value:       0.0000    
No. Iterations:       2000.0000         Scale:             1.0000    
---------------------------------------------------------------------
       y = 0          Coef.  Std.Err.    t    P>|t|   [0.025   0.975]
---------------------------------------------------------------------
            const    -5.1061   2.1210 -2.4074 0.0161  -9.2633 -0.9490
   slope_early_mm    -1.1843  11.4626 -0.1033 0.9177 -23.6505 21.2820
               cv     0.0638   0.2653  0.2405 0.8099  -0.4562  0.5838
              mdd     6.6464   0.8228  8.0779 0.0000   5.0337  8.2590
          nc_rate     3.1392   0.5846  5.3702 0.0000   1.9935  4.2850
    del_ratio_log    -0.0301   0.1450 -0.2077 0.8355  -0.3143  0.2541
      before_noon    -2.5609   0.5437 -4.7105 0.0000  -3.6264 -1.4953
          weekend    -0.1830   0.6520 -0.2807 0.7789  -1.4609  1.0949
      trend_slope     1.7866   9.7717  0.1828 0.8549 -17.3655 20.9387
seasonal_strength    -4.9553   1.8781 -2.6384 0.0083  -8.6364 -1.2742
      noise_ratio    -0.6100   1.7574 -0.3471 0.7285  -4.0543  2.8344
          n_weeks    -0.0068   0.0038 -1.7686 0.0770  -0.0144  0.0007
competition_index     0.5597   8.6914  0.0644 0.9486 -16.4751 17.5946
        comp_x_한식     0.9088   8.9069  0.1020 0.9187 -16.5485 18.3661
        comp_x_양식    -0.2008  11.1199 -0.0181 0.9856 -21.9954 21.5938
        comp_x_술집    -0.5560   9.1490 -0.0608 0.9515 -18.4877 17.3756
        comp_x_카페    -0.0725   9.0651 -0.0080 0.9936 -17.8398 17.6947
        comp_x_일식    -0.0840  13.7448 -0.0061 0.9951 -27.0234 26.8554
     comp_x_패스트푸드     0.3230  10.4856  0.0308 0.9754 -20.2283 20.8743
        comp_x_중식    -0.2288  36.9973 -0.0062 0.9951 -72.7422 72.2847
        comp_x_분식    -0.0550  14.0625 -0.0039 0.9969 -27.6170 27.5071
  comp_x_베이커리/디저트     0.4087  12.8559  0.0318 0.9746 -24.7885 25.6059
     cat_베이커리/디저트    -0.4430   0.9791 -0.4524 0.6510  -2.3619  1.4759
           cat_분식    -0.4673   1.0043 -0.4653 0.6417  -2.4356  1.5010
           cat_술집    -1.2812   0.8287 -1.5460 0.1221  -2.9053  0.3430
           cat_양식    -1.6025   0.9630 -1.6641 0.0961  -3.4900  0.2849
           cat_일식    -0.4442   1.0625 -0.4180 0.6759  -2.5267  1.6384
           cat_중식    -3.5869   2.7025 -1.3272 0.1844  -8.8836  1.7099
           cat_카페    -0.1733   0.8211 -0.2110 0.8329  -1.7825  1.4360
        cat_패스트푸드     0.5673   0.9066  0.6258 0.5314  -1.2095  2.3441
           cat_한식    -0.7795   0.9529 -0.8181 0.4133  -2.6471  1.0881
---------------------------------------------------------------------
       y = 1         Coef.  Std.Err.    t     P>|t|   [0.025   0.975]
---------------------------------------------------------------------
            const   -7.2827   1.1556  -6.3020 0.0000  -9.5477 -5.0177
   slope_early_mm   -7.8386   5.8609  -1.3374 0.1811 -19.3258  3.6486
               cv   -1.8847   0.1636 -11.5206 0.0000  -2.2053 -1.5641
              mdd   10.2217   0.4035  25.3347 0.0000   9.4309 11.0125
          nc_rate    1.0874   0.2514   4.3250 0.0000   0.5946  1.5801
    del_ratio_log    0.3565   0.0587   6.0759 0.0000   0.2415  0.4715
      before_noon    0.2266   0.3033   0.7472 0.4550  -0.3678  0.8210
          weekend   -0.8254   0.2926  -2.8212 0.0048  -1.3989 -0.2520
      trend_slope   -4.2319   4.8168  -0.8786 0.3796 -13.6727  5.2089
seasonal_strength   -8.1977   1.0276  -7.9777 0.0000 -10.2117 -6.1837
      noise_ratio   -0.9959   0.9761  -1.0202 0.3076  -2.9090  0.9173
          n_weeks    0.0162   0.0018   9.1084 0.0000   0.0127  0.0197
competition_index   -0.9692   4.6616  -0.2079 0.8353 -10.1059  8.1674
        comp_x_한식   -0.4692   4.7726  -0.0983 0.9217  -9.8233  8.8849
        comp_x_양식   -0.5065   5.3641  -0.0944 0.9248 -11.0200 10.0070
        comp_x_술집   -0.2104   4.9021  -0.0429 0.9658  -9.8184  9.3976
        comp_x_카페    0.2478   4.8179   0.0514 0.9590  -9.1950  9.6906
        comp_x_일식   -0.0671   6.9045  -0.0097 0.9923 -13.5996 13.4654
     comp_x_패스트푸드    0.3144   5.5418   0.0567 0.9548 -10.5473 11.1761
        comp_x_중식    0.1200   6.5826   0.0182 0.9855 -12.7816 13.0216
        comp_x_분식    0.3334   6.3930   0.0522 0.9584 -12.1967 12.8635
  comp_x_베이커리/디저트   -0.1322   5.9435  -0.0222 0.9822 -11.7812 11.5167
     cat_베이커리/디저트    0.9685   0.4250   2.2787 0.0227   0.1355  1.8016
           cat_분식    0.1123   0.4459   0.2518 0.8012  -0.7617  0.9863
           cat_술집   -0.7535   0.4186  -1.7999 0.0719  -1.5740  0.0670
           cat_양식   -0.6640   0.4016  -1.6535 0.0982  -1.4511  0.1231
           cat_일식   -0.5718   0.5188  -1.1021 0.2704  -1.5886  0.4451
           cat_중식   -0.7981   0.4486  -1.7793 0.0752  -1.6773  0.0810
           cat_카페    0.2489   0.4035   0.6168 0.5373  -0.5420  1.0398
        cat_패스트푸드    0.7076   0.4643   1.5240 0.1275  -0.2024  1.6177
           cat_한식    0.2017   0.4866   0.4146 0.6784  -0.7519  1.1554
---------------------------------------------------------------------
      y = 2        Coef.   Std.Err.    t     P>|t|   [0.025   0.975] 
---------------------------------------------------------------------
            const  -7.0628   1.3122  -5.3824 0.0000  -9.6347  -4.4909
   slope_early_mm -19.8354   4.1215  -4.8126 0.0000 -27.9135 -11.7574
               cv  -1.2758   0.1546  -8.2518 0.0000  -1.5788  -0.9728
              mdd  10.6864   0.3354  31.8629 0.0000  10.0290  11.3437
          nc_rate   0.4918   0.2247   2.1884 0.0286   0.0513   0.9323
    del_ratio_log   0.5518   0.0511  10.7961 0.0000   0.4516   0.6520
      before_noon  -0.6991   0.2630  -2.6584 0.0079  -1.2145  -0.1837
          weekend   1.6329   0.2650   6.1622 0.0000   1.1135   2.1523
      trend_slope -26.6600   3.7166  -7.1731 0.0000 -33.9445 -19.3755
seasonal_strength  -1.3397   1.2362  -1.0837 0.2785  -3.7626   1.0832
      noise_ratio  -0.5785   1.2020  -0.4813 0.6303  -2.9344   1.7774
          n_weeks  -0.0199   0.0015 -13.3877 0.0000  -0.0229  -0.0170
competition_index  -0.7605   4.0059  -0.1899 0.8494  -8.6119   7.0908
        comp_x_한식   2.1766   4.1042   0.5303 0.5959  -5.8674  10.2206
        comp_x_양식  -1.7880   4.5438  -0.3935 0.6939 -10.6938   7.1177
        comp_x_술집  -0.7028   4.2561  -0.1651 0.8688  -9.0446   7.6390
        comp_x_카페  -0.7764   4.2089  -0.1845 0.8536  -9.0257   7.4729
        comp_x_일식  -0.8649   5.9295  -0.1459 0.8840 -12.4865  10.7567
     comp_x_패스트푸드   1.4144   4.6690   0.3029 0.7619  -7.7366  10.5654
        comp_x_중식  -0.1850   5.4589  -0.0339 0.9730 -10.8842  10.5143
        comp_x_분식  -0.0583   5.4265  -0.0107 0.9914 -10.6940  10.5775
  comp_x_베이커리/디저트  -0.0093   5.4279  -0.0017 0.9986 -10.6479  10.6293
     cat_베이커리/디저트   0.4829   0.3924   1.2306 0.2185  -0.2862   1.2520
           cat_분식   0.2537   0.3833   0.6619 0.5080  -0.4975   1.0049
           cat_술집  -1.3506   0.3810  -3.5443 0.0004  -2.0974  -0.6037
           cat_양식  -0.6910   0.3477  -1.9874 0.0469  -1.3725  -0.0095
           cat_일식  -0.3268   0.4463  -0.7322 0.4640  -1.2015   0.5480
           cat_중식  -0.6459   0.3762  -1.7166 0.0860  -1.3833   0.0915
           cat_카페  -0.0481   0.3727  -0.1290 0.8974  -0.7785   0.6824
        cat_패스트푸드   0.9947   0.3922   2.5361 0.0112   0.2260   1.7634
           cat_한식  -1.0475   0.4289  -2.4423 0.0146  -1.8881  -0.2069
---------------------------------------------------------------------
       y = 3          Coef.  Std.Err.    t    P>|t|   [0.025   0.975]
---------------------------------------------------------------------
            const    -5.4530   2.6854 -2.0306 0.0423 -10.7164 -0.1897
   slope_early_mm    -5.6882   5.2811 -1.0771 0.2814 -16.0390  4.6626
               cv    -0.2897   0.1852 -1.5643 0.1178  -0.6527  0.0733
              mdd     7.7484   0.4165 18.6028 0.0000   6.9320  8.5648
          nc_rate     3.0137   0.2983 10.1019 0.0000   2.4290  3.5984
    del_ratio_log     0.2386   0.0749  3.1871 0.0014   0.0919  0.3854
      before_noon    -0.6568   0.3488 -1.8831 0.0597  -1.3403  0.0268
          weekend    -2.6507   0.3461 -7.6595 0.0000  -3.3290 -1.9724
      trend_slope     7.9921   4.8225  1.6572 0.0975  -1.4599 17.4441
seasonal_strength    -2.3061   2.6232 -0.8791 0.3793  -7.4476  2.8353
      noise_ratio    -2.0286   2.5858 -0.7845 0.4327  -7.0967  3.0395
          n_weeks    -0.0165   0.0019 -8.5680 0.0000  -0.0203 -0.0127
competition_index     0.3060   5.5642  0.0550 0.9561 -10.5996 11.2116
        comp_x_한식    -0.1812   5.6563 -0.0320 0.9744 -11.2674 10.9050
        comp_x_양식    -0.2260   6.1526 -0.0367 0.9707 -12.2849 11.8329
        comp_x_술집     0.6468   5.6916  0.1136 0.9095 -10.5086 11.8022
        comp_x_카페    -0.0053   5.8027 -0.0009 0.9993 -11.3783 11.3677
        comp_x_일식     0.4273   8.2759  0.0516 0.9588 -15.7931 16.6477
     comp_x_패스트푸드     0.0561   6.7799  0.0083 0.9934 -13.2322 13.3445
        comp_x_중식    -0.2045   7.5711 -0.0270 0.9785 -15.0437 14.6347
        comp_x_분식     0.1142   7.9102  0.0144 0.9885 -15.3896 15.6179
  comp_x_베이커리/디저트     0.0951   7.4589  0.0127 0.9898 -14.5240 14.7142
     cat_베이커리/디저트     0.5970   0.5464  1.0925 0.2746  -0.4740  1.6680
           cat_분식    -0.0930   0.5661 -0.1643 0.8695  -1.2026  1.0166
           cat_술집    -0.5092   0.4633 -1.0991 0.2717  -1.4172  0.3988
           cat_양식    -0.5083   0.4793 -1.0607 0.2888  -1.4477  0.4310
           cat_일식    -0.4917   0.6375 -0.7714 0.4405  -1.7413  0.7578
           cat_중식    -0.2506   0.5267 -0.4758 0.6342  -1.2830  0.7817
           cat_카페    -0.0443   0.5164 -0.0858 0.9317  -1.0565  0.9679
        cat_패스트푸드     0.4796   0.5808  0.8258 0.4089  -0.6587  1.6179
           cat_한식     0.0098   0.5432  0.0181 0.9855  -1.0547  1.0744
---------------------------------------------------------------------
      y = 4         Coef.   Std.Err.    t     P>|t|   [0.025   0.975]
---------------------------------------------------------------------
            const   -5.2094   1.0386  -5.0157 0.0000  -7.2450 -3.1737
   slope_early_mm  -12.0127   4.9910  -2.4069 0.0161 -21.7948 -2.2305
               cv   -1.5364   0.1510 -10.1764 0.0000  -1.8323 -1.2405
              mdd    8.5405   0.3168  26.9568 0.0000   7.9196  9.1615
          nc_rate    0.9653   0.2306   4.1865 0.0000   0.5134  1.4172
    del_ratio_log    0.3034   0.0562   5.4001 0.0000   0.1933  0.4135
      before_noon    0.3841   0.2825   1.3598 0.1739  -0.1696  0.9378
          weekend   -1.4950   0.2706  -5.5241 0.0000  -2.0254 -0.9646
      trend_slope   -2.1239   4.2044  -0.5052 0.6134 -10.3644  6.1166
seasonal_strength   -6.7252   0.9402  -7.1528 0.0000  -8.5680 -4.8824
      noise_ratio   -0.6772   0.8945  -0.7570 0.4490  -2.4303  1.0760
          n_weeks    0.0070   0.0016   4.4188 0.0000   0.0039  0.0101
competition_index   -0.5799   4.1111  -0.1411 0.8878  -8.6374  7.4776
        comp_x_한식    0.8731   4.2053   0.2076 0.8355  -7.3692  9.1154
        comp_x_양식   -0.5632   4.8026  -0.1173 0.9066  -9.9762  8.8498
        comp_x_술집   -0.8554   4.3895  -0.1949 0.8455  -9.4586  7.7477
        comp_x_카페   -0.5264   4.2890  -0.1227 0.9023  -8.9328  7.8799
        comp_x_일식    0.0687   6.1253   0.0112 0.9910 -11.9367 12.0742
     comp_x_패스트푸드    0.0094   4.9138   0.0019 0.9985  -9.6215  9.6402
        comp_x_중식   -0.0464   5.7689  -0.0080 0.9936 -11.3533 11.2605
        comp_x_분식   -0.2677   5.4386  -0.0492 0.9607 -10.9272 10.3918
  comp_x_베이커리/디저트    0.7962   5.3788   0.1480 0.8823  -9.7461 11.3385
     cat_베이커리/디저트    0.6147   0.3901   1.5759 0.1151  -0.1498  1.3793
           cat_분식    0.2978   0.3853   0.7728 0.4396  -0.4574  1.0530
           cat_술집   -1.1404   0.3908  -2.9178 0.0035  -1.9064 -0.3743
           cat_양식   -0.9452   0.3657  -2.5848 0.0097  -1.6619 -0.2285
           cat_일식   -0.6975   0.4639  -1.5035 0.1327  -1.6068  0.2118
           cat_중식   -0.8600   0.3978  -2.1617 0.0306  -1.6397 -0.0803
           cat_카페   -0.0511   0.3742  -0.1367 0.8913  -0.7845  0.6823
        cat_패스트푸드    0.7637   0.4161   1.8356 0.0664  -0.0517  1.5792
           cat_한식   -0.5159   0.4303  -1.1989 0.2306  -1.3594  0.3275
---------------------------------------------------------------------
      y = 5         Coef.   Std.Err.    t     P>|t|   [0.025   0.975]
---------------------------------------------------------------------
            const   -8.2875   2.7812  -2.9798 0.0029 -13.7385 -2.8364
   slope_early_mm  -12.8532   4.9808  -2.5806 0.0099 -22.6153 -3.0910
               cv   -0.7548   0.1696  -4.4510 0.0000  -1.0872 -0.4225
              mdd   13.4662   0.5515  24.4187 0.0000  12.3853 14.5471
          nc_rate    1.0057   0.2804   3.5860 0.0003   0.4560  1.5553
    del_ratio_log    0.6563   0.0566  11.5977 0.0000   0.5454  0.7672
      before_noon   -0.0741   0.3284  -0.2258 0.8214  -0.7178  0.5695
          weekend   -0.3193   0.3245  -0.9838 0.3252  -0.9554  0.3168
      trend_slope  -12.2321   4.4646  -2.7398 0.0061 -20.9825 -3.4817
seasonal_strength   -4.1926   2.7046  -1.5502 0.1211  -9.4935  1.1083
      noise_ratio   -3.2528   2.6697  -1.2184 0.2231  -8.4853  1.9798
          n_weeks   -0.0215   0.0018 -11.8481 0.0000  -0.0251 -0.0180
competition_index   -0.1003   4.8074  -0.0209 0.9833  -9.5226  9.3219
        comp_x_한식    1.4634   4.9209   0.2974 0.7662  -8.1813 11.1081
        comp_x_양식   -0.3322   5.4684  -0.0608 0.9516 -11.0501 10.3857
        comp_x_술집   -0.9070   5.2319  -0.1734 0.8624 -11.1614  9.3474
        comp_x_카페   -1.1797   5.0232  -0.2349 0.8143 -11.0250  8.6656
        comp_x_일식   -0.4172   7.4580  -0.0559 0.9554 -15.0347 14.2002
     comp_x_패스트푸드    1.6220   5.5667   0.2914 0.7708  -9.2887 12.5326
        comp_x_중식   -0.1544   7.0077  -0.0220 0.9824 -13.8892 13.5803
        comp_x_분식    0.4261   6.4283   0.0663 0.9471 -12.1731 13.0254
  comp_x_베이커리/디저트   -0.3419   6.6067  -0.0518 0.9587 -13.2908 12.6070
     cat_베이커리/디저트    0.6265   0.4769   1.3137 0.1889  -0.3082  1.5613
           cat_분식    0.3802   0.4560   0.8337 0.4045  -0.5136  1.2739
           cat_술집   -1.4427   0.4925  -2.9292 0.0034  -2.4080 -0.4774
           cat_양식   -0.7179   0.4220  -1.7012 0.0889  -1.5450  0.1092
           cat_일식   -0.4819   0.5654  -0.8523 0.3941  -1.5901  0.6263
           cat_중식   -0.8236   0.4818  -1.7094 0.0874  -1.7678  0.1207
           cat_카페    0.4766   0.4382   1.0878 0.2767  -0.3821  1.3354
        cat_패스트푸드    0.8191   0.4673   1.7527 0.0797  -0.0969  1.7351
           cat_한식   -0.7934   0.5099  -1.5560 0.1197  -1.7929  0.2060
---------------------------------------------------------------------
       y = 6         Coef.  Std.Err.    t     P>|t|   [0.025   0.975]
---------------------------------------------------------------------
            const   -0.1306   0.9385  -0.1391 0.8894  -1.9700  1.7089
   slope_early_mm   16.3459   3.7045   4.4125 0.0000   9.0853 23.6066
               cv   -1.9969   0.2030  -9.8367 0.0000  -2.3948 -1.5990
              mdd    4.0769   0.2236  18.2353 0.0000   3.6387  4.5150
          nc_rate    2.1213   0.2172   9.7685 0.0000   1.6957  2.5469
    del_ratio_log    0.0119   0.0711   0.1674 0.8670  -0.1275  0.1513
      before_noon   -2.2928   0.2607  -8.7955 0.0000  -2.8037 -1.7819
          weekend   -0.4046   0.2645  -1.5297 0.1261  -0.9230  0.1138
      trend_slope   15.9929   3.5151   4.5498 0.0000   9.1035 22.8823
seasonal_strength    1.0111   0.8723   1.1592 0.2464  -0.6985  2.7208
      noise_ratio    0.8109   0.8328   0.9737 0.3302  -0.8213  2.4431
          n_weeks   -0.0318   0.0015 -20.9422 0.0000  -0.0347 -0.0288
competition_index   -1.0742   3.8108  -0.2819 0.7780  -8.5433  6.3949
        comp_x_한식   -2.5787   3.9070  -0.6600 0.5093 -10.2363  5.0790
        comp_x_양식    0.3958   4.2488   0.0931 0.9258  -7.9318  8.7233
        comp_x_술집    0.1061   3.9568   0.0268 0.9786  -7.6491  7.8614
        comp_x_카페    1.9925   3.9376   0.5060 0.6128  -5.7250  9.7101
        comp_x_일식    0.1676   5.7364   0.0292 0.9767 -11.0755 11.4108
     comp_x_패스트푸드   -0.9380   5.1490  -0.1822 0.8554 -11.0298  9.1538
        comp_x_중식   -0.3734   5.5022  -0.0679 0.9459 -11.1576 10.4107
        comp_x_분식   -0.2486   6.0905  -0.0408 0.9674 -12.1858 11.6886
  comp_x_베이커리/디저트   -0.1760   6.3118  -0.0279 0.9778 -12.5469 12.1949
     cat_베이커리/디저트   -1.3884   0.4497  -3.0874 0.0020  -2.2698 -0.5070
           cat_분식   -1.3451   0.4186  -3.2136 0.0013  -2.1655 -0.5247
           cat_술집   -1.5279   0.3338  -4.5770 0.0000  -2.1821 -0.8736
           cat_양식   -1.4439   0.3310  -4.3626 0.0000  -2.0927 -0.7952
           cat_일식   -1.1970   0.4373  -2.7373 0.0062  -2.0540 -0.3399
           cat_중식   -1.6171   0.3742  -4.3219 0.0000  -2.3504 -0.8837
           cat_카페   -1.1112   0.3347  -3.3197 0.0009  -1.7672 -0.4551
        cat_패스트푸드   -0.8720   0.4543  -1.9192 0.0550  -1.7625  0.0185
           cat_한식   -0.1838   0.4032  -0.4559 0.6484  -0.9740  0.6064
---------------------------------------------------------------------
       y = 7         Coef.  Std.Err.    t     P>|t|   [0.025   0.975]
---------------------------------------------------------------------
            const    0.0590   0.9304   0.0635 0.9494  -1.7644  1.8825
   slope_early_mm   15.4625   3.8194   4.0484 0.0001   7.9766 22.9483
               cv   -2.4858   0.1590 -15.6347 0.0000  -2.7975 -2.1742
              mdd    5.7807   0.2186  26.4418 0.0000   5.3522  6.2092
          nc_rate    1.2990   0.1958   6.6357 0.0000   0.9153  1.6826
    del_ratio_log    0.3718   0.0526   7.0674 0.0000   0.2687  0.4749
      before_noon   -0.9847   0.2388  -4.1227 0.0000  -1.4528 -0.5165
          weekend   -0.0905   0.2347  -0.3858 0.6996  -0.5505  0.3694
      trend_slope   -0.0145   3.4125  -0.0042 0.9966  -6.7028  6.6738
seasonal_strength   -5.9011   0.8648  -6.8233 0.0000  -7.5962 -4.2060
      noise_ratio   -0.9163   0.8243  -1.1116 0.2663  -2.5318  0.6993
          n_weeks   -0.0069   0.0013  -5.1065 0.0000  -0.0095 -0.0042
competition_index   -1.3314   3.6947  -0.3603 0.7186  -8.5728  5.9101
        comp_x_한식   -1.3593   3.7812  -0.3595 0.7192  -8.7703  6.0517
        comp_x_양식    0.8413   4.0582   0.2073 0.8358  -7.1126  8.7953
        comp_x_술집    0.9908   3.8322   0.2586 0.7960  -6.5201  8.5018
        comp_x_카페   -1.3936   3.8310  -0.3638 0.7160  -8.9022  6.1149
        comp_x_일식   -0.6240   5.3758  -0.1161 0.9076 -11.1604  9.9125
     comp_x_패스트푸드   -0.2550   4.6214  -0.0552 0.9560  -9.3128  8.8029
        comp_x_중식   -0.4424   5.1146  -0.0865 0.9311 -10.4669  9.5821
        comp_x_분식   -0.1231   5.1368  -0.0240 0.9809 -10.1911  9.9449
  comp_x_베이커리/디저트    0.6395   4.9583   0.1290 0.8974  -9.0786 10.3575
     cat_베이커리/디저트    0.0517   0.3575   0.1447 0.8850  -0.6490  0.7525
           cat_분식   -0.8126   0.3644  -2.2302 0.0257  -1.5268 -0.0985
           cat_술집   -1.1539   0.3205  -3.6000 0.0003  -1.7821 -0.5257
           cat_양식   -0.8499   0.3100  -2.7417 0.0061  -1.4574 -0.2423
           cat_일식   -0.8352   0.4051  -2.0618 0.0392  -1.6291 -0.0413
           cat_중식   -1.2443   0.3499  -3.5557 0.0004  -1.9302 -0.5584
           cat_카페    0.2372   0.3243   0.7313 0.4646  -0.3985  0.8728
        cat_패스트푸드   -0.2105   0.3997  -0.5266 0.5985  -0.9940  0.5730
           cat_한식    0.0060   0.3852   0.0155 0.9877  -0.7490  0.7609
---------------------------------------------------------------------
      y = 8         Coef.   Std.Err.    t     P>|t|   [0.025   0.975]
---------------------------------------------------------------------
            const   -4.3793   0.9970  -4.3926 0.0000  -6.3333 -2.4253
   slope_early_mm    5.6791   4.1503   1.3684 0.1712  -2.4554 13.8136
               cv   -2.6971   0.2210 -12.2029 0.0000  -3.1303 -2.2639
              mdd    9.7642   0.3283  29.7392 0.0000   9.1207 10.4077
          nc_rate    1.2831   0.2583   4.9666 0.0000   0.7768  1.7895
    del_ratio_log    0.5470   0.0606   9.0323 0.0000   0.4283  0.6657
      before_noon   -2.0610   0.2908  -7.0881 0.0000  -2.6309 -1.4911
          weekend    1.2185   0.3051   3.9937 0.0001   0.6205  1.8165
      trend_slope  -14.5166   3.8098  -3.8103 0.0001 -21.9836 -7.0495
seasonal_strength   -0.2746   0.8759  -0.3135 0.7539  -1.9913  1.4421
      noise_ratio    0.6810   0.8271   0.8233 0.4103  -0.9402  2.3022
          n_weeks   -0.0508   0.0018 -27.5921 0.0000  -0.0544 -0.0472
competition_index    0.0126   4.9635   0.0025 0.9980  -9.7155  9.7408
        comp_x_한식   -1.2246   5.0635  -0.2418 0.8089 -11.1489  8.6997
        comp_x_양식   -0.8228   5.5563  -0.1481 0.8823 -11.7130 10.0674
        comp_x_술집    0.5574   5.1563   0.1081 0.9139  -9.5487 10.6635
        comp_x_카페    0.8790   5.1005   0.1723 0.8632  -9.1177 10.8757
        comp_x_일식   -0.0444   7.2608  -0.0061 0.9951 -14.2753 14.1865
     comp_x_패스트푸드    0.3096   5.8332   0.0531 0.9577 -11.1233 11.7425
        comp_x_중식   -0.2349   6.4830  -0.0362 0.9711 -12.9414 12.4716
        comp_x_분식    0.5262   6.6447   0.0792 0.9369 -12.4972 13.5497
  comp_x_베이커리/디저트   -0.1877   6.5670  -0.0286 0.9772 -13.0588 12.6834
     cat_베이커리/디저트    0.0828   0.4847   0.1708 0.8644  -0.8673  1.0329
           cat_분식   -0.2522   0.4787  -0.5269 0.5983  -1.1903  0.6859
           cat_술집   -1.4927   0.4436  -3.3648 0.0008  -2.3622 -0.6232
           cat_양식   -0.7493   0.4318  -1.7351 0.0827  -1.5957  0.0971
           cat_일식   -0.5537   0.5530  -1.0012 0.3167  -1.6376  0.5302
           cat_중식   -0.9637   0.4614  -2.0885 0.0367  -1.8681 -0.0593
           cat_카페   -0.1821   0.4270  -0.4264 0.6698  -1.0189  0.6548
        cat_패스트푸드    0.4156   0.4943   0.8409 0.4004  -0.5531  1.3843
           cat_한식   -0.0110   0.5026  -0.0218 0.9826  -0.9960  0.9740
---------------------------------------------------------------------
       y = 9         Coef.  Std.Err.    t     P>|t|   [0.025   0.975]
---------------------------------------------------------------------
            const   -0.5027   0.9405  -0.5344 0.5930  -2.3460  1.3407
   slope_early_mm    5.5273   4.4147   1.2520 0.2106  -3.1254 14.1799
               cv   -1.6942   0.1566 -10.8219 0.0000  -2.0011 -1.3874
              mdd    5.2725   0.2439  21.6173 0.0000   4.7945  5.7505
          nc_rate    0.3270   0.2181   1.4993 0.1338  -0.1005  0.7545
    del_ratio_log    0.3187   0.0567   5.6196 0.0000   0.2075  0.4298
      before_noon   -0.0504   0.2697  -0.1870 0.8517  -0.5790  0.4781
          weekend   -0.2567   0.2583  -0.9936 0.3204  -0.7629  0.2496
      trend_slope    2.2551   3.8310   0.5886 0.5561  -5.2536  9.7638
seasonal_strength   -6.6317   0.8641  -7.6752 0.0000  -8.3253 -4.9382
      noise_ratio   -0.6354   0.8169  -0.7778 0.4367  -2.2364  0.9657
          n_weeks   -0.0020   0.0015  -1.3567 0.1749  -0.0050  0.0009
competition_index   -0.8547   3.8303  -0.2231 0.8234  -8.3620  6.6526
        comp_x_한식    0.0323   3.9380   0.0082 0.9935  -7.6862  7.7507
        comp_x_양식    0.8021   4.2796   0.1874 0.8513  -7.5858  9.1900
        comp_x_술집   -0.5933   4.0746  -0.1456 0.8842  -8.5795  7.3928
        comp_x_카페   -1.5063   3.9808  -0.3784 0.7051  -9.3085  6.2958
        comp_x_일식    0.0318   5.7791   0.0055 0.9956 -11.2951 11.3587
     comp_x_패스트푸드   -0.3865   4.9507  -0.0781 0.9378 -10.0897  9.3167
        comp_x_중식    0.5959   5.2351   0.1138 0.9094  -9.6646 10.8565
        comp_x_분식   -0.1716   5.3150  -0.0323 0.9742 -10.5887 10.2456
  comp_x_베이커리/디저트   -0.3190   5.2907  -0.0603 0.9519 -10.6886 10.0505
     cat_베이커리/디저트   -0.0548   0.3799  -0.1442 0.8853  -0.7993  0.6898
           cat_분식   -0.7934   0.3806  -2.0847 0.0371  -1.5394 -0.0475
           cat_술집   -1.3573   0.3605  -3.7652 0.0002  -2.0638 -0.6508
           cat_양식   -0.9154   0.3287  -2.7845 0.0054  -1.5597 -0.2711
           cat_일식   -0.9958   0.4374  -2.2769 0.0228  -1.8530 -0.1386
           cat_중식   -1.2738   0.3653  -3.4866 0.0005  -1.9899 -0.5577
           cat_카페    0.1706   0.3405   0.5012 0.6162  -0.4966  0.8379
        cat_패스트푸드   -0.4121   0.4369  -0.9432 0.3456  -1.2685  0.4443
           cat_한식   -0.7453   0.4230  -1.7619 0.0781  -1.5745  0.0838
---------------------------------------------------------------------
       y = 10        Coef.  Std.Err.    t     P>|t|   [0.025   0.975]
---------------------------------------------------------------------
            const   -3.4912   1.7483  -1.9969 0.0458  -6.9178 -0.0646
   slope_early_mm    0.3872   8.1012   0.0478 0.9619 -15.4909 16.2652
               cv   -0.4554   0.2650  -1.7189 0.0856  -0.9747  0.0639
              mdd    7.9384   0.6368  12.4663 0.0000   6.6903  9.1865
          nc_rate   -0.5296   0.4943  -1.0714 0.2840  -1.4984  0.4392
    del_ratio_log    0.2631   0.1180   2.2294 0.0258   0.0318  0.4945
      before_noon   -1.2834   0.5195  -2.4703 0.0135  -2.3016 -0.2651
          weekend   -1.0647   0.5844  -1.8217 0.0685  -2.2101  0.0808
      trend_slope   -2.8269   7.0270  -0.4023 0.6875 -16.5996 10.9457
seasonal_strength   -3.2418   1.4957  -2.1674 0.0302  -6.1734 -0.3103
      noise_ratio   -0.0554   1.3800  -0.0401 0.9680  -2.7602  2.6494
          n_weeks   -0.0382   0.0034 -11.0874 0.0000  -0.0449 -0.0314
competition_index   -1.2886   9.8006  -0.1315 0.8954 -20.4975 17.9203
        comp_x_한식   -0.0281   9.9832  -0.0028 0.9978 -19.5948 19.5385
        comp_x_양식    0.0663  11.1998   0.0059 0.9953 -21.8849 22.0176
        comp_x_술집   -0.3346  10.6227  -0.0315 0.9749 -21.1547 20.4855
        comp_x_카페   -0.7056  10.1590  -0.0695 0.9446 -20.6168 19.2057
        comp_x_일식    0.1021  15.2215   0.0067 0.9946 -29.7315 29.9358
     comp_x_패스트푸드    0.1224  11.3027   0.0108 0.9914 -22.0305 22.2753
        comp_x_중식   -0.2019  17.6524  -0.0114 0.9909 -34.8001 34.3962
        comp_x_분식   -0.0607  13.2021  -0.0046 0.9963 -25.9363 25.8150
  comp_x_베이커리/디저트   -0.0939  13.1868  -0.0071 0.9943 -25.9395 25.7517
     cat_베이커리/디저트    0.4512   0.9388   0.4807 0.6307  -1.3887  2.2912
           cat_분식    0.2255   0.9305   0.2423 0.8086  -1.5984  2.0493
           cat_술집   -1.2146   0.9603  -1.2648 0.2059  -3.0966  0.6675
           cat_양식   -0.2721   0.8485  -0.3207 0.7484  -1.9352  1.3909
           cat_일식   -0.4294   1.1570  -0.3711 0.7105  -2.6972  1.8384
           cat_중식   -1.7417   1.2485  -1.3951 0.1630  -4.1887  0.7052
           cat_카페    0.4437   0.8572   0.5177 0.6047  -1.2363  2.1237
        cat_패스트푸드    1.1304   0.9336   1.2108 0.2260  -0.6994  2.9602
           cat_한식    0.3273   0.9748   0.3357 0.7371  -1.5833  2.2378
=====================================================================
