                            Results: MNLogit
=========================================================================
Model:                 MNLogit            Method:             MLE        
Dependent Variable:    y                  Pseudo R-squared:   0.071      
Date:                  2026-03-26 14:50   AIC:                100276.6505
No. Observations:      50635              BIC:                100541.6224
Df Model:              28                 Log-Likelihood:     -50108.    
Df Residuals:          50605              LL-Null:            -53963.    
Converged:             1.0000             LLR p-value:        0.0000     
No. Iterations:        64.0000            Scale:              1.0000     
-------------------------------------------------------------------------
         y = 0            Coef.  Std.Err.    t     P>|t|   [0.025  0.975]
-------------------------------------------------------------------------
                   const -0.0189   0.0106  -1.7752 0.0759 -0.0398  0.0020
full_business_age_months -0.1892   0.1892  -1.0002 0.3172 -0.5601  0.1816
 age_at_first_obs_months  0.2234   0.1859   1.2015 0.2296 -0.1410  0.5878
           delivery_link -0.0031   0.0108  -0.2893 0.7724 -0.0243  0.0181
    business_square_size  0.1023   0.0102  10.0592 0.0000  0.0824  0.1223
   n_observed_weeks_used  0.2523   0.0183  13.7792 0.0000  0.2164  0.2882
            cat_베이커리/디저트 -0.1831   0.0158 -11.5933 0.0000 -0.2141 -0.1522
                  cat_분식  0.0388   0.0150   2.5852 0.0097  0.0094  0.0682
                  cat_술집  0.3657   0.0195  18.7511 0.0000  0.3275  0.4039
                  cat_양식  0.0764   0.0145   5.2601 0.0000  0.0479  0.1048
                  cat_일식  0.0793   0.0158   5.0304 0.0000  0.0484  0.1102
                  cat_중식  0.1196   0.0140   8.5366 0.0000  0.0922  0.1471
                  cat_카페 -0.1012   0.0207  -4.8930 0.0000 -0.1418 -0.0607
               cat_패스트푸드  0.0072   0.0177   0.4077 0.6835 -0.0274  0.0418
                  cat_한식  0.2595   0.0251  10.3323 0.0000  0.2103  0.3087
-------------------------------------------------------------------------
         y = 1            Coef.  Std.Err.    t     P>|t|   [0.025  0.975]
-------------------------------------------------------------------------
                   const -0.7295   0.0136 -53.7081 0.0000 -0.7561 -0.7029
full_business_age_months  3.2040   0.1759  18.2158 0.0000  2.8592  3.5487
 age_at_first_obs_months -3.6220   0.1757 -20.6124 0.0000 -3.9664 -3.2776
           delivery_link  0.0055   0.0122   0.4506 0.6523 -0.0184  0.0294
    business_square_size -0.1483   0.0152  -9.7583 0.0000 -0.1781 -0.1185
   n_observed_weeks_used -0.4635   0.0153 -30.3859 0.0000 -0.4934 -0.4336
            cat_베이커리/디저트 -0.0649   0.0160  -4.0625 0.0000 -0.0963 -0.0336
                  cat_분식  0.0964   0.0159   6.0751 0.0000  0.0653  0.1275
                  cat_술집 -0.0520   0.0231  -2.2499 0.0245 -0.0973 -0.0067
                  cat_양식  0.0116   0.0163   0.7113 0.4769 -0.0204  0.0436
                  cat_일식  0.0066   0.0178   0.3728 0.7093 -0.0282  0.0415
                  cat_중식  0.0408   0.0163   2.5039 0.0123  0.0089  0.0728
                  cat_카페 -0.0261   0.0218  -1.1996 0.2303 -0.0688  0.0166
               cat_패스트푸드  0.2097   0.0180  11.6765 0.0000  0.1745  0.2449
                  cat_한식  0.0553   0.0273   2.0239 0.0430  0.0017  0.1089
=========================================================================
