                           Results: MNLogit
=======================================================================
Model:                MNLogit            Method:             MLE       
Dependent Variable:   y                  Pseudo R-squared:   0.598     
Date:                 2026-03-27 08:58   AIC:                18414.4566
No. Observations:     21365              BIC:                18844.8101
Df Model:             52                 Log-Likelihood:     -9153.2   
Df Residuals:         21311              LL-Null:            -22759.   
Converged:            1.0000             LLR p-value:        0.0000    
No. Iterations:       51.0000            Scale:              1.0000    
-----------------------------------------------------------------------
        y = 0           Coef.  Std.Err.    t     P>|t|   [0.025  0.975]
-----------------------------------------------------------------------
                 const -2.2369   0.0492 -45.4780 0.0000 -2.3333 -2.1405
        slope_early_mm  0.1541   0.0353   4.3711 0.0000  0.0850  0.2232
  preferred_volatility  0.0757   0.0343   2.2086 0.0272  0.0085  0.1429
                   mdd -0.1315   0.0414  -3.1746 0.0015 -0.2126 -0.0503
               nc_rate  0.1139   0.0327   3.4851 0.0005  0.0499  0.1780
         del_ratio_log -0.0378   0.0329  -1.1477 0.2511 -0.1023  0.0267
           before_noon -0.0436   0.0316  -1.3768 0.1686 -0.1056  0.0184
               weekend  0.0677   0.0301   2.2476 0.0246  0.0087  0.1267
           trend_slope  3.7831   0.0683  55.3763 0.0000  3.6492  3.9170
     seasonal_strength  2.0646   0.3595   5.7429 0.0000  1.3600  2.7692
           noise_ratio  1.0237   0.3417   2.9963 0.0027  0.3541  1.6933
               n_weeks  0.2605   0.0359   7.2601 0.0000  0.1902  0.3308
   business_age_months  0.5507   0.0364  15.1171 0.0000  0.4793  0.6221
          cat_베이커리/디저트 -0.1378   0.0358  -3.8487 0.0001 -0.2080 -0.0676
                cat_분식 -0.0203   0.0350  -0.5794 0.5624 -0.0889  0.0483
                cat_술집  0.1538   0.0395   3.8908 0.0001  0.0763  0.2313
                cat_양식 -0.0200   0.0341  -0.5879 0.5566 -0.0869  0.0468
                cat_일식  0.0315   0.0355   0.8855 0.3759 -0.0382  0.1011
                cat_중식  0.0389   0.0315   1.2320 0.2179 -0.0230  0.1007
                cat_카페 -0.1053   0.0491  -2.1469 0.0318 -0.2015 -0.0092
             cat_패스트푸드 -0.0196   0.0423  -0.4626 0.6437 -0.1026  0.0634
                cat_한식  0.0624   0.0614   1.0166 0.3094 -0.0579  0.1826
     competition_index -0.0231   0.0409  -0.5639 0.5728 -0.1033  0.0571
dong_total_store_count -0.0119   0.0299  -0.3979 0.6907 -0.0706  0.0468
fastfood_share_in_dong -0.1239   0.0303  -4.0959 0.0000 -0.1832 -0.0646
    cafe_share_in_dong  0.0213   0.0302   0.7048 0.4809 -0.0379  0.0804
     pub_share_in_dong -0.0001   0.0299  -0.0019 0.9985 -0.0586  0.0585
-----------------------------------------------------------------------
        y = 1           Coef.  Std.Err.    t     P>|t|   [0.025  0.975]
-----------------------------------------------------------------------
                 const -2.9100   0.0614 -47.3833 0.0000 -3.0304 -2.7896
        slope_early_mm -0.3725   0.0361 -10.3240 0.0000 -0.4432 -0.3017
  preferred_volatility -0.3013   0.0340  -8.8524 0.0000 -0.3680 -0.2346
                   mdd  0.5573   0.0607   9.1826 0.0000  0.4383  0.6762
               nc_rate -0.0065   0.0374  -0.1735 0.8622 -0.0797  0.0668
         del_ratio_log  0.1552   0.0257   6.0383 0.0000  0.1049  0.2056
           before_noon -0.0383   0.0312  -1.2276 0.2196 -0.0995  0.0229
               weekend  0.1004   0.0334   3.0094 0.0026  0.0350  0.1658
           trend_slope -3.3019   0.0651 -50.7097 0.0000 -3.4295 -3.1743
     seasonal_strength  2.6204   0.5151   5.0877 0.0000  1.6109  3.6299
           noise_ratio  1.3911   0.4875   2.8536 0.0043  0.4356  2.3465
               n_weeks -0.1584   0.0368  -4.3057 0.0000 -0.2306 -0.0863
   business_age_months  0.3042   0.0360   8.4610 0.0000  0.2337  0.3747
          cat_베이커리/디저트 -0.0432   0.0355  -1.2182 0.2232 -0.1127  0.0263
                cat_분식  0.0548   0.0350   1.5641 0.1178 -0.0139  0.1234
                cat_술집 -0.0520   0.0467  -1.1131 0.2657 -0.1436  0.0396
                cat_양식  0.0124   0.0382   0.3258 0.7446 -0.0624  0.0872
                cat_일식  0.0882   0.0383   2.3065 0.0211  0.0133  0.1632
                cat_중식  0.0326   0.0356   0.9158 0.3598 -0.0372  0.1025
                cat_카페 -0.0193   0.0528  -0.3647 0.7153 -0.1228  0.0843
             cat_패스트푸드  0.0460   0.0398   1.1545 0.2483 -0.0321  0.1240
                cat_한식 -0.0064   0.0687  -0.0935 0.9255 -0.1410  0.1282
     competition_index  0.0807   0.0492   1.6394 0.1011 -0.0158  0.1772
dong_total_store_count  0.0797   0.0328   2.4307 0.0151  0.0154  0.1440
fastfood_share_in_dong  0.0222   0.0328   0.6772 0.4983 -0.0420  0.0864
    cafe_share_in_dong  0.0237   0.0357   0.6651 0.5060 -0.0462  0.0937
     pub_share_in_dong  0.0648   0.0372   1.7397 0.0819 -0.0082  0.1377
=======================================================================
