                          Results: MNLogit
=====================================================================
Model:                MNLogit           Method:            MLE       
Dependent Variable:   y                 Pseudo R-squared:  0.597     
Date:                 2026-03-27 08:58  AIC:               18428.5108
No. Observations:     21365             BIC:               18779.1692
Df Model:             42                Log-Likelihood:    -9170.3   
Df Residuals:         21321             LL-Null:           -22759.   
Converged:            1.0000            LLR p-value:       0.0000    
No. Iterations:       48.0000           Scale:             1.0000    
---------------------------------------------------------------------
       y = 0          Coef.  Std.Err.    t     P>|t|   [0.025  0.975]
---------------------------------------------------------------------
               const -2.2337   0.0491 -45.5226 0.0000 -2.3299 -2.1376
      slope_early_mm  0.1572   0.0352   4.4655 0.0000  0.0882  0.2261
preferred_volatility  0.0679   0.0341   1.9902 0.0466  0.0010  0.1347
                 mdd -0.1264   0.0413  -3.0594 0.0022 -0.2073 -0.0454
             nc_rate  0.1484   0.0318   4.6657 0.0000  0.0861  0.2108
       del_ratio_log -0.0431   0.0325  -1.3273 0.1844 -0.1067  0.0205
         before_noon -0.0521   0.0315  -1.6549 0.0979 -0.1137  0.0096
             weekend  0.0442   0.0294   1.5038 0.1326 -0.0134  0.1018
         trend_slope  3.7851   0.0683  55.4507 0.0000  3.6513  3.9189
   seasonal_strength  2.0568   0.3570   5.7613 0.0000  1.3571  2.7565
         noise_ratio  1.0204   0.3393   3.0071 0.0026  0.3553  1.6854
             n_weeks  0.2634   0.0358   7.3581 0.0000  0.1932  0.3336
 business_age_months  0.5557   0.0363  15.2905 0.0000  0.4844  0.6269
        cat_베이커리/디저트 -0.1334   0.0356  -3.7455 0.0002 -0.2032 -0.0636
              cat_분식 -0.0218   0.0349  -0.6233 0.5331 -0.0902  0.0467
              cat_술집  0.1561   0.0388   4.0280 0.0001  0.0802  0.2321
              cat_양식 -0.0111   0.0339  -0.3279 0.7430 -0.0776  0.0554
              cat_일식  0.0327   0.0354   0.9222 0.3564 -0.0368  0.1021
              cat_중식  0.0419   0.0315   1.3330 0.1825 -0.0197  0.1036
              cat_카페 -0.0962   0.0460  -2.0918 0.0365 -0.1864 -0.0061
           cat_패스트푸드 -0.0376   0.0419  -0.8978 0.3693 -0.1197  0.0445
              cat_한식  0.0409   0.0506   0.8075 0.4194 -0.0583  0.1400
---------------------------------------------------------------------
       y = 1          Coef.  Std.Err.    t     P>|t|   [0.025  0.975]
---------------------------------------------------------------------
               const -2.9054   0.0613 -47.3857 0.0000 -3.0255 -2.7852
      slope_early_mm -0.3730   0.0360 -10.3634 0.0000 -0.4436 -0.3025
preferred_volatility -0.2971   0.0340  -8.7418 0.0000 -0.3637 -0.2305
                 mdd  0.5586   0.0607   9.2005 0.0000  0.4396  0.6776
             nc_rate -0.0014   0.0367  -0.0381 0.9696 -0.0733  0.0705
       del_ratio_log  0.1411   0.0251   5.6269 0.0000  0.0919  0.1902
         before_noon -0.0419   0.0311  -1.3483 0.1776 -0.1029  0.0190
             weekend  0.1093   0.0328   3.3334 0.0009  0.0450  0.1735
         trend_slope -3.2940   0.0649 -50.7200 0.0000 -3.4213 -3.1667
   seasonal_strength  2.6181   0.5147   5.0869 0.0000  1.6094  3.6269
         noise_ratio  1.3898   0.4871   2.8529 0.0043  0.4350  2.3445
             n_weeks -0.1554   0.0368  -4.2282 0.0000 -0.2274 -0.0834
 business_age_months  0.3029   0.0359   8.4422 0.0000  0.2326  0.3732
        cat_베이커리/디저트 -0.0528   0.0353  -1.4956 0.1348 -0.1219  0.0164
              cat_분식  0.0485   0.0349   1.3891 0.1648 -0.0199  0.1169
              cat_술집 -0.0432   0.0457  -0.9447 0.3448 -0.1328  0.0464
              cat_양식  0.0074   0.0380   0.1940 0.8462 -0.0671  0.0819
              cat_일식  0.0813   0.0381   2.1313 0.0331  0.0065  0.1560
              cat_중식  0.0253   0.0354   0.7148 0.4747 -0.0441  0.0948
              cat_카페  0.0020   0.0489   0.0403 0.9678 -0.0939  0.0978
           cat_패스트푸드  0.0489   0.0393   1.2460 0.2128 -0.0280  0.1259
              cat_한식  0.0550   0.0542   1.0144 0.3104 -0.0513  0.1613
=====================================================================
