                                Results: MNLogit
=================================================================================
Model:                    MNLogit               Method:                MLE       
Dependent Variable:       y                     Pseudo R-squared:      0.598     
Date:                     2026-03-27 08:58      AIC:                   18447.0988
No. Observations:         21365                 BIC:                   19100.5985
Df Model:                 80                    Log-Likelihood:        -9141.5   
Df Residuals:             21283                 LL-Null:               -22759.   
Converged:                1.0000                LLR p-value:           0.0000    
No. Iterations:           140.0000              Scale:                 1.0000    
---------------------------------------------------------------------------------
             y = 0                Coef.  Std.Err.    t     P>|t|   [0.025  0.975]
---------------------------------------------------------------------------------
                           const -2.2396   0.0492 -45.4856 0.0000 -2.3361 -2.1431
                  slope_early_mm  0.1567   0.0353   4.4342 0.0000  0.0874  0.2259
            preferred_volatility  0.0764   0.0344   2.2192 0.0265  0.0089  0.1438
                             mdd -0.1286   0.0415  -3.0976 0.0020 -0.2100 -0.0472
                         nc_rate  0.1094   0.0329   3.3218 0.0009  0.0448  0.1739
                   del_ratio_log -0.0400   0.0330  -1.2110 0.2259 -0.1047  0.0247
                     before_noon -0.0442   0.0318  -1.3908 0.1643 -0.1064  0.0181
                         weekend  0.0746   0.0304   2.4508 0.0143  0.0149  0.1343
                     trend_slope  3.7874   0.0684  55.3353 0.0000  3.6532  3.9215
               seasonal_strength  2.0458   0.3590   5.6989 0.0000  1.3422  2.7494
                     noise_ratio  1.0048   0.3412   2.9452 0.0032  0.3361  1.6735
                         n_weeks  0.2604   0.0360   7.2431 0.0000  0.1900  0.3309
             business_age_months  0.5522   0.0365  15.1202 0.0000  0.4806  0.6237
                    cat_베이커리/디저트 -0.0751   0.0845  -0.8889 0.3741 -0.2406  0.0905
                          cat_분식  0.1027   0.1040   0.9871 0.3236 -0.1012  0.3066
                          cat_술집  0.1873   0.0664   2.8208 0.0048  0.0571  0.3174
                          cat_양식  0.0474   0.0603   0.7850 0.4325 -0.0709  0.1656
                          cat_일식 -0.0359   0.0882  -0.4069 0.6841 -0.2087  0.1369
                          cat_중식  0.0692   0.0900   0.7686 0.4421 -0.1072  0.2455
                          cat_카페 -0.2243   0.0913  -2.4584 0.0140 -0.4032 -0.0455
                       cat_패스트푸드 -0.0549   0.0936  -0.5864 0.5576 -0.2383  0.1285
                          cat_한식 -0.0869   0.1333  -0.6518 0.5145 -0.3481  0.1743
          dong_total_store_count  0.0033   0.0327   0.1003 0.9201 -0.0607  0.0673
share_cat_bakery_dessert_in_dong  0.0092   0.0298   0.3089 0.7574 -0.0493  0.0677
        share_cat_bunsik_in_dong  0.0127   0.0306   0.4134 0.6793 -0.0473  0.0726
           share_cat_pub_in_dong  0.0422   0.0387   1.0896 0.2759 -0.0337  0.1180
       share_cat_western_in_dong  0.0604   0.0356   1.6966 0.0898 -0.0094  0.1302
      share_cat_japanese_in_dong  0.0601   0.0296   2.0340 0.0419  0.0022  0.1181
       share_cat_chinese_in_dong -0.0015   0.0285  -0.0538 0.9571 -0.0575  0.0544
          share_cat_cafe_in_dong  0.0488   0.0414   1.1777 0.2389 -0.0324  0.1300
      share_cat_fastfood_in_dong -0.0832   0.0360  -2.3101 0.0209 -0.1538 -0.0126
        share_cat_korean_in_dong  0.0649   0.0419   1.5492 0.1213 -0.0172  0.1470
        int_bakery_dessert_share -0.0660   0.0829  -0.7955 0.4263 -0.2285  0.0966
                int_bunsik_share -0.1278   0.1021  -1.2516 0.2107 -0.3279  0.0723
                   int_pub_share -0.0488   0.0621  -0.7866 0.4315 -0.1705  0.0728
               int_western_share -0.0844   0.0565  -1.4941 0.1351 -0.1952  0.0263
              int_japanese_share  0.0618   0.0853   0.7241 0.4690 -0.1054  0.2289
               int_chinese_share -0.0290   0.0878  -0.3300 0.7414 -0.2010  0.1430
                  int_cafe_share  0.1111   0.0852   1.3037 0.1923 -0.0559  0.2782
              int_fastfood_share  0.0316   0.0919   0.3437 0.7311 -0.1485  0.2117
                int_korean_share  0.1262   0.1275   0.9898 0.3223 -0.1237  0.3760
---------------------------------------------------------------------------------
             y = 1                Coef.  Std.Err.    t     P>|t|   [0.025  0.975]
---------------------------------------------------------------------------------
                           const -2.9157   0.0615 -47.3757 0.0000 -3.0363 -2.7951
                  slope_early_mm -0.3733   0.0362 -10.3202 0.0000 -0.4442 -0.3024
            preferred_volatility -0.3015   0.0341  -8.8439 0.0000 -0.3683 -0.2346
                             mdd  0.5575   0.0607   9.1795 0.0000  0.4384  0.6765
                         nc_rate -0.0032   0.0377  -0.0842 0.9329 -0.0771  0.0708
                   del_ratio_log  0.1535   0.0258   5.9546 0.0000  0.1030  0.2041
                     before_noon -0.0375   0.0313  -1.1963 0.2316 -0.0988  0.0239
                         weekend  0.1041   0.0337   3.0895 0.0020  0.0381  0.1701
                     trend_slope -3.3019   0.0651 -50.6877 0.0000 -3.4296 -3.1742
               seasonal_strength  2.6851   0.5156   5.2078 0.0000  1.6745  3.6956
                     noise_ratio  1.4531   0.4879   2.9782 0.0029  0.4968  2.4093
                         n_weeks -0.1584   0.0368  -4.3001 0.0000 -0.2307 -0.0862
             business_age_months  0.3045   0.0360   8.4652 0.0000  0.2340  0.3751
                    cat_베이커리/디저트 -0.0040   0.0836  -0.0477 0.9620 -0.1678  0.1598
                          cat_분식 -0.0793   0.1027  -0.7724 0.4399 -0.2807  0.1220
                          cat_술집 -0.1331   0.0876  -1.5194 0.1287 -0.3047  0.0386
                          cat_양식  0.0550   0.0674   0.8158 0.4146 -0.0772  0.1872
                          cat_일식  0.0805   0.0974   0.8267 0.4084 -0.1104  0.2714
                          cat_중식 -0.0012   0.1008  -0.0123 0.9902 -0.1987  0.1962
                          cat_카페 -0.0214   0.1028  -0.2080 0.8352 -0.2228  0.1800
                       cat_패스트푸드  0.0325   0.0821   0.3965 0.6917 -0.1284  0.1935
                          cat_한식 -0.1682   0.1604  -1.0490 0.2942 -0.4826  0.1461
          dong_total_store_count  0.0612   0.0365   1.6755 0.0938 -0.0104  0.1328
share_cat_bakery_dessert_in_dong -0.0116   0.0349  -0.3314 0.7404 -0.0800  0.0568
        share_cat_bunsik_in_dong  0.0070   0.0349   0.2016 0.8402 -0.0613  0.0754
           share_cat_pub_in_dong  0.0572   0.0479   1.1946 0.2322 -0.0367  0.1511
       share_cat_western_in_dong  0.0239   0.0433   0.5531 0.5802 -0.0609  0.1088
      share_cat_japanese_in_dong -0.0155   0.0358  -0.4327 0.6653 -0.0857  0.0547
       share_cat_chinese_in_dong -0.0050   0.0333  -0.1511 0.8799 -0.0703  0.0602
          share_cat_cafe_in_dong  0.0359   0.0501   0.7161 0.4739 -0.0623  0.1340
      share_cat_fastfood_in_dong  0.0280   0.0423   0.6626 0.5076 -0.0548  0.1109
        share_cat_korean_in_dong  0.0189   0.0495   0.3824 0.7022 -0.0780  0.1159
        int_bakery_dessert_share -0.0442   0.0827  -0.5343 0.5932 -0.2062  0.1178
                int_bunsik_share  0.1351   0.1004   1.3463 0.1782 -0.0616  0.3319
                   int_pub_share  0.0997   0.0862   1.1565 0.2475 -0.0693  0.2686
               int_western_share -0.0596   0.0727  -0.8200 0.4122 -0.2021  0.0829
              int_japanese_share  0.0079   0.0973   0.0809 0.9355 -0.1828  0.1986
               int_chinese_share  0.0311   0.0972   0.3200 0.7490 -0.1594  0.2216
                  int_cafe_share  0.0321   0.0992   0.3242 0.7458 -0.1622  0.2265
              int_fastfood_share  0.0185   0.0774   0.2385 0.8115 -0.1332  0.1701
                int_korean_share  0.2311   0.1547   1.4933 0.1354 -0.0722  0.5343
=================================================================================
