                           Results: MNLogit
=======================================================================
Model:                MNLogit            Method:             MLE       
Dependent Variable:   y                  Pseudo R-squared:   0.598     
Date:                 2026-03-27 08:58   AIC:                18422.5011
No. Observations:     21365              BIC:                18900.6717
Df Model:             58                 Log-Likelihood:     -9151.3   
Df Residuals:         21305              LL-Null:            -22759.   
Converged:            1.0000             LLR p-value:        0.0000    
No. Iterations:       111.0000           Scale:              1.0000    
-----------------------------------------------------------------------
        y = 0           Coef.  Std.Err.    t     P>|t|   [0.025  0.975]
-----------------------------------------------------------------------
                 const -2.2372   0.0492 -45.4721 0.0000 -2.3336 -2.1408
        slope_early_mm  0.1539   0.0353   4.3650 0.0000  0.0848  0.2230
  preferred_volatility  0.0748   0.0343   2.1784 0.0294  0.0075  0.1421
                   mdd -0.1323   0.0414  -3.1930 0.0014 -0.2135 -0.0511
               nc_rate  0.1135   0.0327   3.4680 0.0005  0.0493  0.1776
         del_ratio_log -0.0386   0.0329  -1.1728 0.2409 -0.1032  0.0259
           before_noon -0.0442   0.0317  -1.3945 0.1632 -0.1062  0.0179
               weekend  0.0681   0.0301   2.2624 0.0237  0.0091  0.1272
           trend_slope  3.7841   0.0683  55.3663 0.0000  3.6501  3.9180
     seasonal_strength  2.0663   0.3596   5.7465 0.0000  1.3615  2.7710
           noise_ratio  1.0232   0.3417   2.9945 0.0027  0.3535  1.6929
               n_weeks  0.2596   0.0359   7.2340 0.0000  0.1893  0.3299
   business_age_months  0.5510   0.0364  15.1169 0.0000  0.4795  0.6224
          cat_베이커리/디저트 -0.1381   0.0358  -3.8560 0.0001 -0.2083 -0.0679
                cat_분식 -0.0214   0.0350  -0.6098 0.5420 -0.0900  0.0473
                cat_술집  0.1710   0.0687   2.4900 0.0128  0.0364  0.3056
                cat_양식 -0.0185   0.0342  -0.5427 0.5873 -0.0855  0.0484
                cat_일식  0.0325   0.0356   0.9134 0.3611 -0.0372  0.1022
                cat_중식  0.0371   0.0316   1.1727 0.2409 -0.0249  0.0990
                cat_카페 -0.2382   0.0948  -2.5127 0.0120 -0.4240 -0.0524
             cat_패스트푸드 -0.0629   0.0952  -0.6612 0.5085 -0.2495  0.1236
                cat_한식  0.0991   0.0694   1.4292 0.1530 -0.0368  0.2351
     competition_index -0.0664   0.0555  -1.1952 0.2320 -0.1752  0.0425
dong_total_store_count -0.0137   0.0300  -0.4578 0.6471 -0.0725  0.0451
fastfood_share_in_dong -0.1324   0.0318  -4.1637 0.0000 -0.1947 -0.0700
    cafe_share_in_dong -0.0064   0.0346  -0.1844 0.8537 -0.0743  0.0615
     pub_share_in_dong  0.0008   0.0324   0.0232 0.9815 -0.0628  0.0643
fastfood_x_competition  0.0523   0.0955   0.5481 0.5836 -0.1348  0.2394
    cafe_x_competition  0.1628   0.1008   1.6139 0.1065 -0.0349  0.3604
     pub_x_competition -0.0131   0.0687  -0.1905 0.8490 -0.1477  0.1216
-----------------------------------------------------------------------
        y = 1           Coef.  Std.Err.    t     P>|t|   [0.025  0.975]
-----------------------------------------------------------------------
                 const -2.9141   0.0615 -47.3787 0.0000 -3.0347 -2.7936
        slope_early_mm -0.3729   0.0361 -10.3322 0.0000 -0.4436 -0.3021
  preferred_volatility -0.3008   0.0340  -8.8360 0.0000 -0.3675 -0.2341
                   mdd  0.5568   0.0607   9.1735 0.0000  0.4379  0.6758
               nc_rate -0.0060   0.0374  -0.1609 0.8722 -0.0793  0.0673
         del_ratio_log  0.1550   0.0257   6.0258 0.0000  0.1046  0.2055
           before_noon -0.0379   0.0312  -1.2116 0.2257 -0.0991  0.0234
               weekend  0.0993   0.0334   2.9751 0.0029  0.0339  0.1647
           trend_slope -3.3019   0.0651 -50.6926 0.0000 -3.4296 -3.1742
     seasonal_strength  2.6915   0.5152   5.2238 0.0000  1.6816  3.7013
           noise_ratio  1.4589   0.4875   2.9923 0.0028  0.5033  2.4145
               n_weeks -0.1587   0.0368  -4.3117 0.0000 -0.2309 -0.0866
   business_age_months  0.3043   0.0360   8.4617 0.0000  0.2338  0.3748
          cat_베이커리/디저트 -0.0436   0.0355  -1.2283 0.2193 -0.1131  0.0260
                cat_분식  0.0542   0.0350   1.5474 0.1218 -0.0145  0.1229
                cat_술집 -0.1124   0.0906  -1.2409 0.2146 -0.2900  0.0651
                cat_양식  0.0130   0.0382   0.3405 0.7335 -0.0618  0.0878
                cat_일식  0.0881   0.0383   2.3015 0.0214  0.0131  0.1631
                cat_중식  0.0323   0.0357   0.9065 0.3647 -0.0376  0.1023
                cat_카페  0.0044   0.1065   0.0410 0.9673 -0.2044  0.2131
             cat_패스트푸드  0.0605   0.0850   0.7116 0.4767 -0.1061  0.2271
                cat_한식 -0.0021   0.0796  -0.0258 0.9794 -0.1580  0.1539
     competition_index  0.0750   0.0675   1.1114 0.2664 -0.0573  0.2073
dong_total_store_count  0.0793   0.0329   2.4101 0.0159  0.0148  0.1437
fastfood_share_in_dong  0.0246   0.0356   0.6921 0.4888 -0.0451  0.0943
    cafe_share_in_dong  0.0270   0.0404   0.6698 0.5030 -0.0521  0.1061
     pub_share_in_dong  0.0541   0.0400   1.3525 0.1762 -0.0243  0.1325
fastfood_x_competition -0.0155   0.0834  -0.1854 0.8529 -0.1788  0.1479
    cafe_x_competition -0.0233   0.1168  -0.1997 0.8418 -0.2521  0.2055
     pub_x_competition  0.0708   0.0940   0.7529 0.4515 -0.1135  0.2551
=======================================================================
