                           Results: MNLogit
=======================================================================
Model:                MNLogit            Method:             MLE       
Dependent Variable:   y                  Pseudo R-squared:   0.592     
Date:                 2026-03-27 08:58   AIC:                18659.5996
No. Observations:     21365              BIC:                18994.3190
Df Model:             40                 Log-Likelihood:     -9287.8   
Df Residuals:         21323              LL-Null:            -22759.   
Converged:            1.0000             LLR p-value:        0.0000    
No. Iterations:       33.0000            Scale:              1.0000    
-----------------------------------------------------------------------
        y = 0           Coef.  Std.Err.    t     P>|t|   [0.025  0.975]
-----------------------------------------------------------------------
                 const -2.1081   0.0438 -48.1171 0.0000 -2.1940 -2.0222
               nc_rate  0.1316   0.0265   4.9605 0.0000  0.0796  0.1837
  preferred_volatility  0.0342   0.0337   1.0142 0.3105 -0.0318  0.1002
     competition_index -0.0215   0.0517  -0.4157 0.6776 -0.1228  0.0799
   business_age_months  0.4615   0.0300  15.3692 0.0000  0.4026  0.5203
         delivery_link  0.0379   0.0261   1.4504 0.1469 -0.0133  0.0890
                   mdd -0.0471   0.0375  -1.2561 0.2091 -0.1206  0.0264
           trend_slope  3.7759   0.0667  56.6149 0.0000  3.6452  3.9066
     seasonal_strength  1.0695   0.0317  33.7811 0.0000  1.0075  1.1316
fastfood_x_competition -0.0705   0.0903  -0.7810 0.4348 -0.2474  0.1064
    cafe_x_competition  0.1564   0.0855   1.8287 0.0675 -0.0112  0.3239
     pub_x_competition  0.0277   0.0620   0.4471 0.6548 -0.0937  0.1491
          cat_베이커리/디저트 -0.1303   0.0356  -3.6588 0.0003 -0.2001 -0.0605
                cat_분식 -0.0242   0.0349  -0.6931 0.4882 -0.0926  0.0442
                cat_술집  0.1389   0.0655   2.1198 0.0340  0.0105  0.2673
                cat_양식 -0.0043   0.0339  -0.1255 0.9002 -0.0707  0.0622
                cat_일식  0.0287   0.0353   0.8129 0.4163 -0.0405  0.0978
                cat_중식  0.0311   0.0313   0.9921 0.3211 -0.0303  0.0925
                cat_카페 -0.2163   0.0860  -2.5143 0.0119 -0.3850 -0.0477
             cat_패스트푸드  0.0128   0.0923   0.1385 0.8899 -0.1681  0.1936
                cat_한식  0.0424   0.0666   0.6367 0.5243 -0.0881  0.1730
-----------------------------------------------------------------------
        y = 1           Coef.  Std.Err.    t     P>|t|   [0.025  0.975]
-----------------------------------------------------------------------
                 const -2.8277   0.0540 -52.3872 0.0000 -2.9335 -2.7219
               nc_rate  0.0243   0.0320   0.7592 0.4477 -0.0384  0.0869
  preferred_volatility -0.2377   0.0326  -7.2875 0.0000 -0.3016 -0.1738
     competition_index  0.0369   0.0636   0.5800 0.5619 -0.0877  0.1614
   business_age_months  0.2556   0.0325   7.8699 0.0000  0.1920  0.3193
         delivery_link  0.0348   0.0273   1.2748 0.2024 -0.0187  0.0883
                   mdd  0.5631   0.0576   9.7806 0.0000  0.4503  0.6760
           trend_slope -3.4601   0.0631 -54.8306 0.0000 -3.5838 -3.3365
     seasonal_strength  1.1537   0.0363  31.7627 0.0000  1.0825  1.2249
fastfood_x_competition  0.0289   0.0752   0.3850 0.7002 -0.1184  0.1763
    cafe_x_competition -0.0410   0.1002  -0.4093 0.6823 -0.2373  0.1553
     pub_x_competition  0.1055   0.0857   1.2312 0.2182 -0.0625  0.2736
          cat_베이커리/디저트 -0.0348   0.0346  -1.0067 0.3141 -0.1027  0.0330
                cat_분식  0.0763   0.0343   2.2249 0.0261  0.0091  0.1436
                cat_술집 -0.1467   0.0861  -1.7044 0.0883 -0.3153  0.0220
                cat_양식  0.0040   0.0375   0.1073 0.9145 -0.0695  0.0776
                cat_일식  0.0855   0.0377   2.2699 0.0232  0.0117  0.1593
                cat_중식  0.0457   0.0352   1.2970 0.1946 -0.0233  0.1146
                cat_카페  0.0231   0.0962   0.2402 0.8102 -0.1655  0.2117
             cat_패스트푸드  0.0662   0.0798   0.8295 0.4068 -0.0902  0.2225
                cat_한식  0.0390   0.0766   0.5094 0.6105 -0.1111  0.1892
=======================================================================
