                            Results: Logit
======================================================================
Model:                 Logit             Method:            MLE       
Dependent Variable:    is_growth         Pseudo R-squared:  0.695     
Date:                  2026-03-27 08:58  AIC:               274.6079  
No. Observations:      670               BIC:               369.2608  
Df Model:              20                Log-Likelihood:    -116.30   
Df Residuals:          649               LL-Null:           -381.63   
Converged:             1.0000            LLR p-value:       1.0973e-99
No. Iterations:        30.0000           Scale:             1.0000    
----------------------------------------------------------------------
                        Coef.  Std.Err.    z    P>|z|   [0.025  0.975]
----------------------------------------------------------------------
const                  -3.4765   0.3741 -9.2939 0.0000 -4.2097 -2.7434
nc_rate                -0.2650   0.1866 -1.4201 0.1556 -0.6309  0.1008
preferred_volatility   -0.2872   0.2148 -1.3369 0.1813 -0.7083  0.1339
competition_index      -0.1397   0.4799 -0.2911 0.7709 -1.0803  0.8008
delivery_link           0.3960   0.2020  1.9605 0.0499  0.0001  0.7919
business_square_size   -0.0687   0.1629 -0.4218 0.6731 -0.3881  0.2506
mdd                     0.6791   0.2948  2.3038 0.0212  0.1014  1.2569
trend_slope             3.9502   0.3759 10.5096 0.0000  3.2135  4.6869
seasonal_strength       0.5325   0.1998  2.6648 0.0077  0.1408  0.9242
fastfood_x_competition  0.6433   0.6189  1.0394 0.2986 -0.5697  1.8563
cafe_x_competition      0.3837   0.6035  0.6358 0.5249 -0.7992  1.5667
pub_x_competition       0.0758   0.5198  0.1459 0.8840 -0.9430  1.0946
cat_베이커리/디저트           -0.4309   0.2182 -1.9741 0.0484 -0.8586 -0.0031
cat_분식                 -0.1988   0.2145 -0.9269 0.3540 -0.6192  0.2216
cat_술집                 -0.4057   0.5106 -0.7946 0.4268 -1.4064  0.5950
cat_양식                  0.0464   0.2139  0.2170 0.8282 -0.3728  0.4657
cat_일식                 -0.1065   0.1865 -0.5707 0.5682 -0.4721  0.2592
cat_중식                 -0.3459   0.2281 -1.5166 0.1294 -0.7929  0.1011
cat_카페                 -0.5309   0.4853 -1.0940 0.2740 -1.4821  0.4203
cat_패스트푸드              -1.2809   0.5841 -2.1928 0.0283 -2.4258 -0.1360
cat_한식                 -0.1792   0.4983 -0.3597 0.7191 -1.1558  0.7974
======================================================================
