                          Results: MNLogit
=====================================================================
Model:                MNLogit           Method:            MLE       
Dependent Variable:   y                 Pseudo R-squared:  0.340     
Date:                 2026-03-19 13:03  AIC:               63136.8577
No. Observations:     20802             BIC:               65321.1289
Df Model:             264               Log-Likelihood:    -31293.   
Df Residuals:         20527             LL-Null:           -47380.   
Converged:            0.0000            LLR p-value:       0.0000    
No. Iterations:       2000.0000         Scale:             1.0000    
---------------------------------------------------------------------
      y = 0        Coef.   Std.Err.    t    P>|t|    [0.025   0.975] 
---------------------------------------------------------------------
            const  -4.0436   5.4919 -0.7363 0.4616  -14.8075   6.7202
     slope_all_mm   0.6065  60.0333  0.0101 0.9919 -117.0566 118.2696
    slope_late_mm  -0.9055  16.8628 -0.0537 0.9572  -33.9559  32.1450
   slope_early_mm  -0.9391  30.0438 -0.0313 0.9751  -59.8238  57.9455
      trend_slope   1.8510  21.3766  0.0866 0.9310  -40.0465  43.7485
               r2  -7.8149   0.8600 -9.0874 0.0000   -9.5004  -6.1294
seasonal_strength  -0.6628   5.4590 -0.1214 0.9034  -11.3621  10.0366
         r2_early -14.8130   1.6621 -8.9121 0.0000  -18.0707 -11.5553
      noise_ratio  -4.0689   5.3329 -0.7630 0.4455  -14.5212   6.3834
              mdd   6.4268   0.9904  6.4893 0.0000    4.4857   8.3679
               cv   0.9333   0.3996  2.3357 0.0195    0.1501   1.7165
          n_weeks   0.0060   0.0046  1.3206 0.1866   -0.0029   0.0150
    slope_tail_mm  -1.3834   4.9395 -0.2801 0.7794  -11.0648   8.2979
          weekend   0.3297   0.6801  0.4848 0.6278   -1.0032   1.6626
    del_ratio_log  -0.1745   0.1865 -0.9356 0.3495   -0.5400   0.1910
    delivery_link   0.9792   0.2126  4.6049 0.0000    0.5624   1.3959
     cat_베이커리/디저트   0.1185   0.5856  0.2023 0.8397   -1.0293   1.2663
           cat_분식  -0.0269   0.5060 -0.0531 0.9576   -1.0186   0.9648
           cat_술집  -0.9033   0.3650 -2.4751 0.0133   -1.6186  -0.1880
           cat_양식  -1.6765   0.5522 -3.0361 0.0024   -2.7587  -0.5942
           cat_일식  -0.3585   0.4110 -0.8721 0.3831   -1.1640   0.4471
           cat_중식  -3.6528   1.9653 -1.8587 0.0631   -7.5046   0.1991
           cat_카페  -0.7411   0.3736 -1.9838 0.0473   -1.4734  -0.0089
        cat_패스트푸드   0.4544   0.4088  1.1117 0.2663   -0.3467   1.2555
           cat_한식  -0.0177   0.3119 -0.0566 0.9549   -0.6291   0.5937
---------------------------------------------------------------------
      y = 1        Coef.   Std.Err.    t     P>|t|   [0.025   0.975] 
---------------------------------------------------------------------
            const  -2.8388   1.1571  -2.4532 0.0142  -5.1067  -0.5708
     slope_all_mm  -0.8365  36.1820  -0.0231 0.9816 -71.7519  70.0790
    slope_late_mm  -5.2087   8.1224  -0.6413 0.5213 -21.1283  10.7108
   slope_early_mm  -7.4018   7.7524  -0.9548 0.3397 -22.5962   7.7926
      trend_slope  -3.8001   9.4334  -0.4028 0.6871 -22.2893  14.6891
               r2 -53.2437   1.1082 -48.0433 0.0000 -55.4158 -51.0716
seasonal_strength   0.4115   1.1221   0.3667 0.7138  -1.7877   2.6107
         r2_early  -1.3781   0.3022  -4.5601 0.0000  -1.9704  -0.7858
      noise_ratio  -3.1984   1.0329  -3.0964 0.0020  -5.2229  -1.1739
              mdd   4.8354   0.4121  11.7347 0.0000   4.0278   5.6430
               cv  -0.0136   0.2210  -0.0616 0.9509  -0.4467   0.4195
          n_weeks   0.0613   0.0024  25.0792 0.0000   0.0565   0.0661
    slope_tail_mm  -4.1539   2.4746  -1.6786 0.0932  -9.0040   0.6961
          weekend   1.0146   0.3349   3.0297 0.0024   0.3582   1.6710
    del_ratio_log   0.3212   0.0871   3.6875 0.0002   0.1505   0.4919
    delivery_link   0.3155   0.1186   2.6595 0.0078   0.0830   0.5480
     cat_베이커리/디저트   1.5769   0.2626   6.0046 0.0000   1.0622   2.0916
           cat_분식   0.9133   0.2559   3.5690 0.0004   0.4117   1.4148
           cat_술집  -0.9224   0.2141  -4.3072 0.0000  -1.3421  -0.5027
           cat_양식  -0.6373   0.2407  -2.6479 0.0081  -1.1090  -0.1656
           cat_일식  -0.2160   0.2366  -0.9131 0.3612  -0.6798   0.2477
           cat_중식   0.0583   0.2741   0.2129 0.8314  -0.4788   0.5955
           cat_카페  -0.0569   0.2008  -0.2836 0.7767  -0.4504   0.3365
        cat_패스트푸드   1.2062   0.2272   5.3095 0.0000   0.7610   1.6515
           cat_한식   0.2323   0.1897   1.2241 0.2209  -0.1396   0.6042
---------------------------------------------------------------------
      y = 2        Coef.   Std.Err.    t     P>|t|   [0.025   0.975] 
---------------------------------------------------------------------
            const  -6.4783   1.4404  -4.4975 0.0000  -9.3015  -3.6552
     slope_all_mm -11.4081  18.4980  -0.6167 0.5374 -47.6635  24.8472
    slope_late_mm -12.7728   6.1677  -2.0709 0.0384 -24.8613  -0.6844
   slope_early_mm -17.8716   5.6402  -3.1686 0.0015 -28.9261  -6.8171
      trend_slope -25.8292   7.3310  -3.5233 0.0004 -40.1977 -11.4607
               r2  -3.6740   0.2715 -13.5334 0.0000  -4.2061  -3.1419
seasonal_strength  -1.9227   1.4209  -1.3532 0.1760  -4.7075   0.8621
         r2_early  -0.1281   0.1811  -0.7075 0.4792  -0.4830   0.2268
      noise_ratio  -3.7010   1.3611  -2.7192 0.0065  -6.3687  -1.0334
              mdd  11.4785   0.4053  28.3221 0.0000  10.6842  12.2729
               cv  -0.4074   0.1766  -2.3066 0.0211  -0.7536  -0.0612
          n_weeks  -0.0129   0.0016  -7.9485 0.0000  -0.0161  -0.0097
    slope_tail_mm  -7.1389   1.9027  -3.7519 0.0002 -10.8681  -3.4096
          weekend   1.4325   0.2559   5.5988 0.0000   0.9310   1.9340
    del_ratio_log   0.4766   0.0679   7.0161 0.0000   0.3435   0.6098
    delivery_link  -0.1781   0.0880  -2.0232 0.0431  -0.3506  -0.0056
     cat_베이커리/디저트   1.0053   0.2028   4.9580 0.0000   0.6079   1.4028
           cat_분식   0.6918   0.1809   3.8240 0.0001   0.3372   1.0463
           cat_술집  -1.1381   0.1640  -6.9399 0.0000  -1.4595  -0.8167
           cat_양식  -0.5186   0.1770  -2.9306 0.0034  -0.8655  -0.1718
           cat_일식   0.0881   0.1703   0.5170 0.6051  -0.2457   0.4218
           cat_중식  -0.0865   0.1934  -0.4471 0.6548  -0.4656   0.2927
           cat_카페  -0.0648   0.1503  -0.4315 0.6661  -0.3594   0.2297
        cat_패스트푸드   1.4085   0.1650   8.5370 0.0000   1.0851   1.7318
           cat_한식  -0.0706   0.1409  -0.5010 0.6163  -0.3469   0.2056
---------------------------------------------------------------------
       y = 3         Coef.  Std.Err.    t     P>|t|   [0.025   0.975]
---------------------------------------------------------------------
            const   -2.5730   2.1423  -1.2010 0.2297  -6.7719  1.6259
     slope_all_mm    3.3143  25.8378   0.1283 0.8979 -47.3269 53.9555
    slope_late_mm    7.0563   7.5518   0.9344 0.3501  -7.7449 21.8575
   slope_early_mm   -4.1468   8.9324  -0.4642 0.6425 -21.6541 13.3604
      trend_slope    7.8910   9.4694   0.8333 0.4047 -10.6686 26.4506
               r2   -8.1067   0.3908 -20.7442 0.0000  -8.8726 -7.3408
seasonal_strength    1.5339   2.1343   0.7187 0.4723  -2.6492  5.7170
         r2_early   -6.0420   0.3734 -16.1821 0.0000  -6.7738 -5.3102
      noise_ratio   -3.2470   2.0690  -1.5694 0.1166  -7.3021  0.8081
              mdd    6.0610   0.4256  14.2398 0.0000   5.2268  6.8953
               cv    1.0921   0.2044   5.3432 0.0000   0.6915  1.4927
          n_weeks   -0.0111   0.0021  -5.3187 0.0000  -0.0152 -0.0070
    slope_tail_mm    0.6233   2.2272   0.2799 0.7796  -3.7419  4.9885
          weekend   -0.9325   0.3288  -2.8366 0.0046  -1.5769 -0.2882
    del_ratio_log    0.1683   0.0946   1.7790 0.0752  -0.0171  0.3538
    delivery_link    0.3150   0.1149   2.7430 0.0061   0.0899  0.5401
     cat_베이커리/디저트    0.9656   0.2738   3.5263 0.0004   0.4289  1.5023
           cat_분식    0.3510   0.2644   1.3273 0.1844  -0.1673  0.8693
           cat_술집   -0.3547   0.2000  -1.7740 0.0761  -0.7467  0.0372
           cat_양식   -0.5739   0.2406  -2.3858 0.0170  -1.0454 -0.1024
           cat_일식   -0.1632   0.2353  -0.6936 0.4879  -0.6244  0.2980
           cat_중식    0.0604   0.2587   0.2337 0.8152  -0.4465  0.5674
           cat_카페   -0.2111   0.2036  -1.0366 0.2999  -0.6102  0.1880
        cat_패스트푸드    0.8354   0.2321   3.5999 0.0003   0.3806  1.2903
           cat_한식    0.2191   0.1845   1.1879 0.2349  -0.1424  0.5807
---------------------------------------------------------------------
      y = 4        Coef.   Std.Err.    t     P>|t|   [0.025   0.975] 
---------------------------------------------------------------------
            const  -1.3211   1.0526  -1.2550 0.2095  -3.3843   0.7420
     slope_all_mm  -0.2743  34.2647  -0.0080 0.9936 -67.4319  66.8832
    slope_late_mm   8.9833   7.6273   1.1778 0.2389  -5.9658  23.9325
   slope_early_mm -11.9375   6.9909  -1.7076 0.0877 -25.6395   1.7645
      trend_slope  -1.6034   8.9351  -0.1795 0.8576 -19.1158  15.9090
               r2 -60.0565   1.1346 -52.9317 0.0000 -62.2803 -57.8327
seasonal_strength   1.6931   1.0276   1.6476 0.0994  -0.3210   3.7071
         r2_early   0.1735   0.2679   0.6478 0.5171  -0.3515   0.6986
      noise_ratio  -2.7910   0.9384  -2.9740 0.0029  -4.6303  -0.9516
              mdd   3.3542   0.3705   9.0533 0.0000   2.6281   4.0804
               cv   0.3837   0.2134   1.7978 0.0722  -0.0346   0.8020
          n_weeks   0.0600   0.0024  25.4244 0.0000   0.0553   0.0646
    slope_tail_mm   4.5005   2.3170   1.9423 0.0521  -0.0408   9.0418
          weekend   0.2287   0.3250   0.7037 0.4816  -0.4083   0.8656
    del_ratio_log   0.0595   0.0913   0.6512 0.5149  -0.1195   0.2385
    delivery_link   0.1561   0.1181   1.3209 0.1865  -0.0755   0.3876
     cat_베이커리/디저트   1.2009   0.2548   4.7127 0.0000   0.7015   1.7003
           cat_분식   0.9383   0.2413   3.8887 0.0001   0.4654   1.4112
           cat_술집  -1.4094   0.2049  -6.8776 0.0000  -1.8110  -1.0077
           cat_양식  -1.0020   0.2329  -4.3031 0.0000  -1.4584  -0.5456
           cat_일식  -0.4011   0.2242  -1.7889 0.0736  -0.8406   0.0384
           cat_중식  -0.1257   0.2609  -0.4820 0.6298  -0.6370   0.3855
           cat_카페  -0.4649   0.1911  -2.4333 0.0150  -0.8393  -0.0904
        cat_패스트푸드   1.1413   0.2168   5.2649 0.0000   0.7164   1.5661
           cat_한식  -0.0736   0.1796  -0.4097 0.6820  -0.4257   0.2785
---------------------------------------------------------------------
      y = 5        Coef.   Std.Err.    t     P>|t|   [0.025   0.975] 
---------------------------------------------------------------------
            const  -7.6188   2.4573  -3.1005 0.0019 -12.4350  -2.8027
     slope_all_mm  -5.1087  24.6977  -0.2068 0.8361 -53.5153  43.2980
    slope_late_mm   4.7224   7.3122   0.6458 0.5184  -9.6092  19.0540
   slope_early_mm -12.9119   6.2968  -2.0506 0.0403 -25.2533  -0.5705
      trend_slope -12.3778   9.1498  -1.3528 0.1761 -30.3111   5.5556
               r2 -11.1646   0.3863 -28.8998 0.0000 -11.9218 -10.4074
seasonal_strength  -1.6126   2.4107  -0.6689 0.5035  -6.3375   3.1123
         r2_early   1.8964   0.2226   8.5199 0.0000   1.4601   2.3327
      noise_ratio  -5.5949   2.3502  -2.3806 0.0173 -10.2013  -0.9885
              mdd  14.1565   0.6305  22.4541 0.0000  12.9208  15.3922
               cv   0.0740   0.2032   0.3642 0.7157  -0.3243   0.4723
          n_weeks  -0.0133   0.0020  -6.5912 0.0000  -0.0173  -0.0094
    slope_tail_mm   3.1569   2.2536   1.4009 0.1613  -1.2600   7.5738
          weekend   0.1318   0.3244   0.4063 0.6846  -0.5040   0.7676
    del_ratio_log   1.0560   0.0733  14.3967 0.0000   0.9122   1.1997
    delivery_link  -0.2250   0.1080  -2.0824 0.0373  -0.4367  -0.0132
     cat_베이커리/디저트   0.9568   0.2532   3.7788 0.0002   0.4605   1.4530
           cat_분식   0.7337   0.2227   3.2940 0.0010   0.2971   1.1702
           cat_술집  -1.8318   0.2331  -7.8587 0.0000  -2.2886  -1.3749
           cat_양식  -0.5551   0.2212  -2.5097 0.0121  -0.9887  -0.1216
           cat_일식  -0.1435   0.2170  -0.6614 0.5083  -0.5687   0.2817
           cat_중식  -0.2404   0.2522  -0.9531 0.3405  -0.7348   0.2540
           cat_카페   0.0337   0.1843   0.1826 0.8551  -0.3275   0.3948
        cat_패스트푸드   1.1731   0.2034   5.7661 0.0000   0.7744   1.5719
           cat_한식  -0.0418   0.1737  -0.2407 0.8098  -0.3822   0.2986
---------------------------------------------------------------------
      y = 6         Coef.   Std.Err.    t     P>|t|   [0.025   0.975]
---------------------------------------------------------------------
            const   -0.4669   1.0669  -0.4376 0.6617  -2.5580  1.6242
     slope_all_mm    5.5235  20.5260   0.2691 0.7879 -34.7066 45.7537
    slope_late_mm  -10.2109   5.7234  -1.7841 0.0744 -21.4286  1.0068
   slope_early_mm   11.6481   5.4757   2.1272 0.0334   0.9159 22.3803
      trend_slope   13.8022   7.3488   1.8782 0.0604  -0.6012 28.2056
               r2  -10.3234   0.3232 -31.9420 0.0000 -10.9569 -9.6900
seasonal_strength    2.3026   1.0809   2.1303 0.0331   0.1841  4.4211
         r2_early    3.0833   0.1841  16.7483 0.0000   2.7225  3.4441
      noise_ratio   -1.8344   1.0115  -1.8134 0.0698  -3.8170  0.1482
              mdd    3.5012   0.2588  13.5279 0.0000   2.9939  4.0085
               cv   -0.5234   0.2268  -2.3079 0.0210  -0.9679 -0.0789
          n_weeks   -0.0141   0.0017  -8.1711 0.0000  -0.0175 -0.0107
    slope_tail_mm  -13.1480   1.7872  -7.3567 0.0000 -16.6509 -9.6452
          weekend    0.2402   0.2650   0.9065 0.3647  -0.2792  0.7597
    del_ratio_log    0.1891   0.0881   2.1468 0.0318   0.0165  0.3618
    delivery_link    0.1397   0.0936   1.4933 0.1354  -0.0437  0.3231
     cat_베이커리/디저트   -0.6553   0.2309  -2.8379 0.0045  -1.1078 -0.2027
           cat_분식   -0.6335   0.2058  -3.0784 0.0021  -1.0369 -0.2302
           cat_술집   -1.2065   0.1559  -7.7396 0.0000  -1.5120 -0.9009
           cat_양식   -1.1191   0.1783  -6.2781 0.0000  -1.4685 -0.7697
           cat_일식   -0.7351   0.1729  -4.2508 0.0000  -1.0741 -0.3962
           cat_중식   -1.1823   0.2056  -5.7508 0.0000  -1.5852 -0.7793
           cat_카페   -0.8396   0.1472  -5.7039 0.0000  -1.1281 -0.5511
        cat_패스트푸드   -0.6268   0.1898  -3.3021 0.0010  -0.9988 -0.2547
           cat_한식   -0.8064   0.1402  -5.7524 0.0000  -1.0812 -0.5316
---------------------------------------------------------------------
      y = 7        Coef.   Std.Err.    t     P>|t|   [0.025   0.975] 
---------------------------------------------------------------------
            const   1.3977   0.8803   1.5877 0.1124  -0.3277   3.1231
     slope_all_mm  -0.2859  29.5794  -0.0097 0.9923 -58.2605  57.6887
    slope_late_mm -13.8921   6.7103  -2.0703 0.0384 -27.0439  -0.7402
   slope_early_mm  12.6738   6.2960   2.0130 0.0441   0.3338  25.0138
      trend_slope   1.3799   7.7490   0.1781 0.8587 -13.8078  16.5676
               r2 -71.1385   1.1892 -59.8208 0.0000 -73.4693 -68.8078
seasonal_strength   1.4633   0.8616   1.6984 0.0894  -0.2254   3.1520
         r2_early   1.6423   0.2470   6.6504 0.0000   1.1583   2.1264
      noise_ratio  -2.8904   0.7673  -3.7670 0.0002  -4.3943  -1.3865
              mdd   1.7723   0.3281   5.4020 0.0000   1.1293   2.4154
               cv  -0.1821   0.2161  -0.8426 0.3995  -0.6058   0.2415
          n_weeks   0.0508   0.0023  22.4497 0.0000   0.0463   0.0552
    slope_tail_mm  -4.0240   2.0654  -1.9483 0.0514  -8.0722   0.0241
          weekend   1.5190   0.3075   4.9394 0.0000   0.9162   2.1217
    del_ratio_log   0.4626   0.0832   5.5611 0.0000   0.2996   0.6257
    delivery_link   0.2170   0.1108   1.9581 0.0502  -0.0002   0.4342
     cat_베이커리/디저트   0.7453   0.2508   2.9712 0.0030   0.2537   1.2370
           cat_분식   0.0429   0.2425   0.1771 0.8594  -0.4323   0.5182
           cat_술집  -1.1831   0.1920  -6.1624 0.0000  -1.5593  -0.8068
           cat_양식  -0.8367   0.2164  -3.8670 0.0001  -1.2608  -0.4126
           cat_일식  -0.5475   0.2130  -2.5705 0.0102  -0.9649  -0.1300
           cat_중식  -0.4591   0.2480  -1.8514 0.0641  -0.9451   0.0269
           cat_카페  -0.3152   0.1810  -1.7413 0.0816  -0.6699   0.0396
        cat_패스트푸드   0.2771   0.2134   1.2985 0.1941  -0.1411   0.6952
           cat_한식  -0.3380   0.1724  -1.9608 0.0499  -0.6759  -0.0001
---------------------------------------------------------------------
      y = 8        Coef.   Std.Err.    t     P>|t|   [0.025   0.975] 
---------------------------------------------------------------------
            const  -3.5717   1.1262  -3.1715 0.0015  -5.7789  -1.3644
     slope_all_mm  -6.1288  21.1353  -0.2900 0.7718 -47.5532  35.2957
    slope_late_mm -13.0791   6.2642  -2.0879 0.0368 -25.3567  -0.8015
   slope_early_mm   7.6324   6.1022   1.2508 0.2110  -4.3277  19.5926
      trend_slope -13.6479   7.5135  -1.8165 0.0693 -28.3741   1.0783
               r2 -11.1895   0.3858 -29.0044 0.0000 -11.9456 -10.4333
seasonal_strength   3.0298   1.1130   2.7222 0.0065   0.8484   5.2113
         r2_early  -2.1613   0.2511  -8.6069 0.0000  -2.6534  -1.6691
      noise_ratio  -2.1410   1.0309  -2.0768 0.0378  -4.1616  -0.1205
              mdd   9.1002   0.3745  24.3018 0.0000   8.3663   9.8341
               cv  -1.1960   0.2383  -5.0179 0.0000  -1.6631  -0.7288
          n_weeks  -0.0399   0.0020 -19.8629 0.0000  -0.0438  -0.0360
    slope_tail_mm  -3.0293   1.9322  -1.5678 0.1169  -6.8164   0.7578
          weekend   1.0880   0.2969   3.6648 0.0002   0.5062   1.6699
    del_ratio_log   0.7489   0.0782   9.5806 0.0000   0.5957   0.9021
    delivery_link  -0.2139   0.1098  -1.9485 0.0514  -0.4290   0.0013
     cat_베이커리/디저트   0.6243   0.2521   2.4769 0.0133   0.1303   1.1184
           cat_분식   0.2884   0.2330   1.2377 0.2158  -0.1683   0.7452
           cat_술집  -1.2812   0.1978  -6.4758 0.0000  -1.6689  -0.8934
           cat_양식  -0.7681   0.2228  -3.4477 0.0006  -1.2047  -0.3314
           cat_일식  -0.3992   0.2158  -1.8501 0.0643  -0.8221   0.0237
           cat_중식  -0.4974   0.2431  -2.0465 0.0407  -0.9738  -0.0210
           cat_카페   0.0337   0.1805   0.1869 0.8517  -0.3200   0.3875
        cat_패스트푸드   0.6842   0.2072   3.3018 0.0010   0.2781   1.0904
           cat_한식  -0.0959   0.1714  -0.5593 0.5760  -0.4318   0.2401
---------------------------------------------------------------------
      y = 9        Coef.   Std.Err.    t     P>|t|   [0.025   0.975] 
---------------------------------------------------------------------
            const   2.2347   0.9027   2.4757 0.0133   0.4656   4.0039
     slope_all_mm   0.9057  30.7574   0.0294 0.9765 -59.3777  61.1890
    slope_late_mm   9.1899   7.1286   1.2891 0.1973  -4.7820  23.1618
   slope_early_mm   6.4570   6.7653   0.9544 0.3399  -6.8027  19.7167
      trend_slope   3.6976   8.0973   0.4566 0.6479 -12.1729  19.5681
               r2 -55.7636   1.0640 -52.4095 0.0000 -57.8490 -53.6782
seasonal_strength   0.8337   0.8868   0.9401 0.3472  -0.9044   2.5718
         r2_early  -0.1893   0.2628  -0.7206 0.4712  -0.7044   0.3257
      noise_ratio  -2.9515   0.7920  -3.7268 0.0002  -4.5037  -1.3993
              mdd   0.7977   0.3306   2.4133 0.0158   0.1499   1.4456
               cv   0.4052   0.2113   1.9178 0.0551  -0.0089   0.8193
          n_weeks   0.0490   0.0023  21.4782 0.0000   0.0445   0.0535
    slope_tail_mm   8.0810   2.1538   3.7519 0.0002   3.8596  12.3024
          weekend   1.2391   0.3131   3.9578 0.0001   0.6255   1.8527
    del_ratio_log   0.3831   0.0840   4.5612 0.0000   0.2185   0.5477
    delivery_link   0.2847   0.1118   2.5462 0.0109   0.0655   0.5038
     cat_베이커리/디저트   0.5432   0.2511   2.1638 0.0305   0.0512   1.0353
           cat_분식  -0.0119   0.2426  -0.0489 0.9610  -0.4873   0.4635
           cat_술집  -1.6287   0.1967  -8.2801 0.0000  -2.0142  -1.2432
           cat_양식  -0.9714   0.2174  -4.4675 0.0000  -1.3975  -0.5452
           cat_일식  -0.7026   0.2146  -3.2741 0.0011  -1.1233  -0.2820
           cat_중식  -0.4929   0.2459  -2.0046 0.0450  -0.9749  -0.0110
           cat_카페  -0.3324   0.1802  -1.8443 0.0651  -0.6856   0.0209
        cat_패스트푸드   0.0187   0.2162   0.0867 0.9309  -0.4049   0.4424
           cat_한식  -0.4916   0.1722  -2.8546 0.0043  -0.8291  -0.1541
---------------------------------------------------------------------
      y = 10       Coef.   Std.Err.    t     P>|t|   [0.025   0.975] 
---------------------------------------------------------------------
            const  -1.6571   3.0478  -0.5437 0.5866  -7.6306   4.3163
     slope_all_mm  -1.0884  37.1390  -0.0293 0.9766 -73.8795  71.7027
    slope_late_mm   1.1074  10.9752   0.1009 0.9196 -20.4037  22.6184
   slope_early_mm   0.8703  15.7909   0.0551 0.9560 -30.0793  31.8198
      trend_slope  -2.6129  12.5531  -0.2082 0.8351 -27.2166  21.9907
               r2 -10.0370   0.7025 -14.2883 0.0000 -11.4138  -8.6602
seasonal_strength   1.7345   3.0262   0.5732 0.5665  -4.1967   7.6657
         r2_early -12.2346   1.1318 -10.8097 0.0000 -14.4529 -10.0163
      noise_ratio  -3.6363   2.9012  -1.2534 0.2101  -9.3226   2.0500
              mdd   6.8443   0.7110   9.6257 0.0000   5.4507   8.2380
               cv   0.5240   0.3276   1.5995 0.1097  -0.1181   1.1660
          n_weeks  -0.0376   0.0036 -10.5117 0.0000  -0.0447  -0.0306
    slope_tail_mm   1.8173   3.2719   0.5554 0.5786  -4.5955   8.2301
          weekend  -1.1086   0.5383  -2.0594 0.0395  -2.1637  -0.0536
    del_ratio_log   0.4204   0.1415   2.9713 0.0030   0.1431   0.6978
    delivery_link   0.1035   0.2014   0.5139 0.6074  -0.2912   0.4981
     cat_베이커리/디저트   1.1890   0.4440   2.6780 0.0074   0.3188   2.0592
           cat_분식   0.7827   0.4273   1.8317 0.0670  -0.0548   1.6203
           cat_술집  -0.8496   0.3734  -2.2754 0.0229  -1.5815  -0.1178
           cat_양식  -0.3589   0.4234  -0.8477 0.3966  -1.1888   0.4710
           cat_일식  -0.3524   0.4448  -0.7924 0.4281  -1.2242   0.5193
           cat_중식  -1.3424   0.7117  -1.8862 0.0593  -2.7373   0.0525
           cat_카페   0.3821   0.3455   1.1057 0.2689  -0.2952   1.0593
        cat_패스트푸드   1.0141   0.3989   2.5426 0.0110   0.2324   1.7958
           cat_한식   0.3340   0.3283   1.0173 0.3090  -0.3095   0.9774
=====================================================================
