                           Results: MNLogit
=======================================================================
Model:                MNLogit            Method:             MLE       
Dependent Variable:   y                  Pseudo R-squared:   0.591     
Date:                 2026-03-27 08:58   AIC:                18680.5429
No. Observations:     21365              BIC:                18999.3233
Df Model:             38                 Log-Likelihood:     -9300.3   
Df Residuals:         21325              LL-Null:            -22759.   
Converged:            1.0000             LLR p-value:        0.0000    
No. Iterations:       31.0000            Scale:              1.0000    
-----------------------------------------------------------------------
        y = 0           Coef.  Std.Err.    t     P>|t|   [0.025  0.975]
-----------------------------------------------------------------------
                 const -2.1064   0.0438 -48.1196 0.0000 -2.1922 -2.0206
  preferred_volatility  0.0357   0.0336   1.0623 0.2881 -0.0302  0.1017
     competition_index -0.0291   0.0516  -0.5633 0.5732 -0.1301  0.0720
   business_age_months  0.4535   0.0300  15.1265 0.0000  0.3948  0.5123
         delivery_link  0.0394   0.0261   1.5110 0.1308 -0.0117  0.0905
                   mdd -0.0435   0.0375  -1.1602 0.2460 -0.1171  0.0300
           trend_slope  3.7657   0.0665  56.6215 0.0000  3.6353  3.8960
     seasonal_strength  1.0841   0.0315  34.3808 0.0000  1.0223  1.1459
fastfood_x_competition -0.0817   0.0902  -0.9060 0.3649 -0.2586  0.0951
    cafe_x_competition  0.1719   0.0854   2.0139 0.0440  0.0046  0.3392
     pub_x_competition  0.0572   0.0615   0.9292 0.3528 -0.0634  0.1777
          cat_베이커리/디저트 -0.1374   0.0356  -3.8628 0.0001 -0.2071 -0.0677
                cat_분식 -0.0335   0.0350  -0.9575 0.3383 -0.1020  0.0351
                cat_술집  0.1315   0.0653   2.0126 0.0442  0.0034  0.2596
                cat_양식  0.0118   0.0337   0.3514 0.7253 -0.0542  0.0779
                cat_일식  0.0442   0.0351   1.2592 0.2080 -0.0246  0.1130
                cat_중식  0.0266   0.0313   0.8481 0.3964 -0.0348  0.0879
                cat_카페 -0.2685   0.0854  -3.1452 0.0017 -0.4358 -0.1012
             cat_패스트푸드  0.0312   0.0922   0.3381 0.7353 -0.1495  0.2118
                cat_한식  0.0602   0.0664   0.9062 0.3648 -0.0700  0.1903
-----------------------------------------------------------------------
        y = 1           Coef.  Std.Err.    t     P>|t|   [0.025  0.975]
-----------------------------------------------------------------------
                 const -2.8281   0.0540 -52.4059 0.0000 -2.9339 -2.7223
  preferred_volatility -0.2371   0.0326  -7.2737 0.0000 -0.3010 -0.1732
     competition_index  0.0366   0.0635   0.5757 0.5648 -0.0879  0.1611
   business_age_months  0.2528   0.0323   7.8294 0.0000  0.1895  0.3161
         delivery_link  0.0352   0.0273   1.2887 0.1975 -0.0183  0.0887
                   mdd  0.5628   0.0576   9.7742 0.0000  0.4499  0.6756
           trend_slope -3.4595   0.0631 -54.8531 0.0000 -3.5831 -3.3359
     seasonal_strength  1.1546   0.0363  31.8106 0.0000  1.0835  1.2258
fastfood_x_competition  0.0278   0.0751   0.3695 0.7118 -0.1195  0.1750
    cafe_x_competition -0.0389   0.1001  -0.3888 0.6974 -0.2352  0.1573
     pub_x_competition  0.1098   0.0855   1.2843 0.1990 -0.0578  0.2773
          cat_베이커리/디저트 -0.0354   0.0346  -1.0228 0.3064 -0.1032  0.0324
                cat_분식  0.0769   0.0343   2.2417 0.0250  0.0097  0.1441
                cat_술집 -0.1483   0.0860  -1.7231 0.0849 -0.3169  0.0204
                cat_양식  0.0065   0.0374   0.1738 0.8621 -0.0668  0.0798
                cat_일식  0.0885   0.0375   2.3634 0.0181  0.0151  0.1620
                cat_중식  0.0453   0.0352   1.2880 0.1977 -0.0237  0.1143
                cat_카페  0.0161   0.0957   0.1684 0.8663 -0.1715  0.2037
             cat_패스트푸드  0.0702   0.0795   0.8823 0.3776 -0.0857  0.2260
                cat_한식  0.0424   0.0765   0.5545 0.5792 -0.1075  0.1923
=======================================================================
