=== LEVI CANDIDATE SUMMARY ===

Stores joined : 50,635  (with dong: 42,278)
Dongs         : 449
Sigungus      : 25

Stores per dong quantiles (0.10, 0.25, 0.50, 0.75, 0.90):
  {0.1: 4.8, 0.25: 12.0, 0.5: 34.0, 0.75: 112.0, 0.9: 287.8}

Gu-level LEVI table (sorted by levi_v1_balance):
sigungu  n_stores  n_growth  n_stable  n_decline  share_growth  share_stable  share_decline  levi_v1_balance  levi_v2_log_odds  levi_v3_trend_mean  levi_v4_trend_median  levi_v5_shrinkage20
    종로구    2153.0    1200.0     678.0      275.0      0.557362      0.314909       0.127729         0.429633          1.471906            0.002999              0.004967             0.425679
     중구    1871.0    1026.0     579.0      266.0      0.548370      0.309460       0.142170         0.406200          1.348536            0.003022              0.005042             0.401904
    용산구    1771.0     816.0     637.0      318.0      0.460757      0.359684       0.179560         0.281197          0.941404            0.001937              0.003679             0.278057
    강남구    4242.0    1921.0    1534.0      787.0      0.452852      0.361622       0.185526         0.267327          0.891998            0.001847              0.003812             0.266072
    마포구    3705.0    1666.0    1346.0      693.0      0.449663      0.363293       0.187045         0.262618          0.876730            0.001878              0.003588             0.261208
    서초구    2213.0     967.0     827.0      419.0      0.436963      0.373701       0.189336         0.247628          0.835652            0.001737              0.003559             0.245410
   영등포구    2376.0    1009.0     915.0      452.0      0.424663      0.385101       0.190236         0.234428          0.802423            0.001603              0.003341             0.232471
    광진구    1973.0     845.0     694.0      434.0      0.428282      0.351749       0.219970         0.208312          0.665732            0.001238              0.003215             0.206222
   서대문구    1540.0     640.0     573.0      327.0      0.415584      0.372078       0.212338         0.203247          0.670761            0.001266              0.002693             0.200641
    동작구    1573.0     635.0     603.0      335.0      0.403687      0.383344       0.212969         0.190718          0.638790            0.001213              0.003169             0.188324
    성동구    1647.0     658.0     642.0      347.0      0.399514      0.389800       0.210686         0.188828          0.639200            0.001167              0.002661             0.186563
    성북구    1760.0     710.0     652.0      398.0      0.403409      0.370455       0.226136         0.177273          0.578261            0.001131              0.002828             0.175281
   동대문구    1686.0     645.0     628.0      413.0      0.382562      0.372479       0.244958         0.137604          0.445368            0.000754              0.002398             0.135991
    송파구    3041.0    1070.0    1263.0      708.0      0.351858      0.415324       0.232818         0.119040          0.412731            0.000570              0.001620             0.118262
    관악구    2280.0     848.0     852.0      580.0      0.371930      0.373684       0.254386         0.117544          0.379580            0.000586              0.001791             0.116522
    강서구    2774.0     992.0    1100.0      682.0      0.357606      0.396539       0.245854         0.111752          0.374464            0.000550              0.001740             0.110952
    노원구    1648.0     561.0     688.0      399.0      0.340413      0.417476       0.242112         0.098301          0.340398            0.000399              0.001656             0.097122
    구로구    1772.0     603.0     727.0      442.0      0.340293      0.410271       0.249436         0.090858          0.310306            0.000436              0.002017             0.089844
    은평구    1890.0     642.0     768.0      480.0      0.339683      0.406349       0.253968         0.085714          0.290540            0.000407              0.001640             0.084817
    강동구    1927.0     653.0     785.0      489.0      0.338869      0.407369       0.253762         0.085106          0.288958            0.000334              0.001672             0.084232
    금천구    1315.0     425.0     566.0      324.0      0.323194      0.430418       0.246388         0.076806          0.270979            0.000241              0.001597             0.075655
    도봉구    1073.0     340.0     468.0      265.0      0.316869      0.436160       0.246971         0.069897          0.248800            0.000242              0.001260             0.068618
    양천구    1456.0     456.0     639.0      361.0      0.313187      0.438874       0.247940         0.065247          0.233327            0.000302              0.001232             0.064363
    강북구    1389.0     464.0     546.0      379.0      0.334053      0.393089       0.272858         0.061195          0.202107            0.000125              0.001265             0.060326
    중랑구    1560.0     481.0     655.0      424.0      0.308333      0.419872       0.271795         0.036538          0.125994           -0.000133              0.000849             0.036076

Inter-candidate correlation (Pearson, dongs with >=10 stores, n=351):
                      levi_v1_balance  levi_v2_log_odds  levi_v3_trend_mean  levi_v4_trend_median  levi_v5_shrinkage20
levi_v1_balance                 1.000             0.958               0.968                 0.904                0.891
levi_v2_log_odds                0.958             1.000               0.942                 0.827                0.856
levi_v3_trend_mean              0.968             0.942               1.000                 0.901                0.869
levi_v4_trend_median            0.904             0.827               0.901                 1.000                0.845
levi_v5_shrinkage20             0.891             0.856               0.869                 0.845                1.000
