                          Results: MNLogit
=====================================================================
Model:                MNLogit           Method:            MLE       
Dependent Variable:   y                 Pseudo R-squared:  0.248     
Date:                 2026-03-18 06:57  AIC:               53253.4340
No. Observations:     20794             BIC:               54127.1002
Df Model:             105               Log-Likelihood:    -26517.   
Df Residuals:         20684             LL-Null:           -35272.   
Converged:            0.0000            LLR p-value:       0.0000    
No. Iterations:       2000.0000         Scale:             1.0000    
---------------------------------------------------------------------
      y = 0        Coef.   Std.Err.    t     P>|t|   [0.025   0.975] 
---------------------------------------------------------------------
            const   1.3665   0.9775   1.3979 0.1621  -0.5494   3.2823
   slope_early_mm -22.2026   5.0526  -4.3942 0.0000 -32.1056 -12.2996
               cv  -5.2387   0.2864 -18.2901 0.0000  -5.8001  -4.6773
              mdd   2.3192   0.2622   8.8469 0.0000   1.8054   2.8331
          nc_rate   2.6648   0.2385  11.1734 0.0000   2.1973   3.1322
    del_ratio_log   0.5051   0.0599   8.4379 0.0000   0.3878   0.6224
      before_noon  -2.2872   0.2829  -8.0833 0.0000  -2.8417  -1.7326
          weekend   0.8111   0.2820   2.8766 0.0040   0.2585   1.3638
      trend_slope -23.7423   4.1994  -5.6538 0.0000 -31.9729 -15.5117
seasonal_strength  -3.1549   0.9323  -3.3839 0.0007  -4.9823  -1.3276
      noise_ratio  -2.1079   0.8796  -2.3966 0.0165  -3.8319  -0.3840
          n_weeks   0.0034   0.0015   2.2314 0.0257   0.0004   0.0064
    delivery_link  -0.0694   0.0819  -0.8475 0.3967  -0.2300   0.0912
     cat_베이커리/디저트  -0.4954   0.1682  -2.9454 0.0032  -0.8251  -0.1657
           cat_분식  -0.5948   0.1677  -3.5466 0.0004  -0.9234  -0.2661
           cat_술집  -1.6018   0.1719  -9.3162 0.0000  -1.9388  -1.2648
           cat_양식  -1.5668   0.1883  -8.3192 0.0000  -1.9359  -1.1976
           cat_일식  -1.2841   0.1693  -7.5845 0.0000  -1.6159  -0.9523
           cat_중식  -1.0085   0.1859  -5.4251 0.0000  -1.3728  -0.6441
           cat_카페  -0.7085   0.1319  -5.3714 0.0000  -0.9671  -0.4500
        cat_패스트푸드  -0.0220   0.1369  -0.1605 0.8725  -0.2903   0.2463
           cat_한식  -0.8021   0.1224  -6.5516 0.0000  -1.0420  -0.5621
---------------------------------------------------------------------
      y = 1        Coef.   Std.Err.    t     P>|t|   [0.025   0.975] 
---------------------------------------------------------------------
            const -73.7888   7.1195 -10.3642 0.0000 -87.7428 -59.8347
   slope_early_mm -34.0322   4.2839  -7.9441 0.0000 -42.4286 -25.6358
               cv  -1.4931   0.1207 -12.3711 0.0000  -1.7296  -1.2565
              mdd 107.7812   5.2773  20.4234 0.0000  97.4379 118.1246
          nc_rate   0.2029   0.2081   0.9750 0.3295  -0.2049   0.6106
    del_ratio_log   0.2948   0.0507   5.8168 0.0000   0.1954   0.3941
      before_noon  -1.9572   0.2298  -8.5171 0.0000  -2.4076  -1.5068
          weekend   2.5294   0.2345  10.7860 0.0000   2.0698   2.9890
      trend_slope -33.4676   3.5949  -9.3097 0.0000 -40.5134 -26.4217
seasonal_strength -32.0067   4.8610  -6.5844 0.0000 -41.5340 -22.4794
      noise_ratio -30.7186   4.8352  -6.3531 0.0000 -40.1955 -21.2418
          n_weeks  -0.0070   0.0014  -4.9639 0.0000  -0.0097  -0.0042
    delivery_link  -0.1221   0.0764  -1.5981 0.1100  -0.2719   0.0276
     cat_베이커리/디저트  -0.0951   0.1562  -0.6084 0.5429  -0.4013   0.2112
           cat_분식   0.0654   0.1526   0.4282 0.6685  -0.2338   0.3645
           cat_술집  -0.7453   0.1309  -5.6937 0.0000  -1.0018  -0.4887
           cat_양식  -0.4100   0.1460  -2.8079 0.0050  -0.6961  -0.1238
           cat_일식  -0.1322   0.1459  -0.9061 0.3649  -0.4183   0.1538
           cat_중식  -0.2663   0.1710  -1.5575 0.1194  -0.6015   0.0688
           cat_카페  -0.3667   0.1214  -3.0193 0.0025  -0.6047  -0.1287
        cat_패스트푸드   0.3409   0.1350   2.5265 0.0115   0.0764   0.6054
           cat_한식  -0.1377   0.1114  -1.2355 0.2166  -0.3561   0.0807
---------------------------------------------------------------------
      y = 2        Coef.   Std.Err.    t     P>|t|   [0.025   0.975] 
---------------------------------------------------------------------
            const  -1.8153   0.6846  -2.6515 0.0080  -3.1572  -0.4735
   slope_early_mm -55.1617   3.4407 -16.0320 0.0000 -61.9054 -48.4180
               cv  -0.8411   0.1023  -8.2241 0.0000  -1.0415  -0.6406
              mdd   5.1664   0.2285  22.6140 0.0000   4.7186   5.6142
          nc_rate   0.1927   0.1614   1.1941 0.2325  -0.1236   0.5090
    del_ratio_log   0.3174   0.0434   7.3122 0.0000   0.2323   0.4025
      before_noon  -0.3923   0.1976  -1.9854 0.0471  -0.7796  -0.0050
          weekend   0.0733   0.1890   0.3878 0.6982  -0.2972   0.4438
      trend_slope  -9.7128   2.8050  -3.4627 0.0005 -15.2105  -4.2151
seasonal_strength  -2.8834   0.6422  -4.4900 0.0000  -4.1421  -1.6248
      noise_ratio  -2.0599   0.6089  -3.3828 0.0007  -3.2534  -0.8664
          n_weeks  -0.0014   0.0010  -1.3018 0.1930  -0.0034   0.0007
    delivery_link  -0.1523   0.0604  -2.5226 0.0116  -0.2707  -0.0340
     cat_베이커리/디저트   0.0002   0.1261   0.0014 0.9989  -0.2469   0.2472
           cat_분식   0.1287   0.1233   1.0438 0.2966  -0.1129   0.3703
           cat_술집  -0.6172   0.1079  -5.7220 0.0000  -0.8286  -0.4058
           cat_양식  -0.5245   0.1217  -4.3091 0.0000  -0.7631  -0.2860
           cat_일식  -0.3138   0.1181  -2.6564 0.0079  -0.5454  -0.0823
           cat_중식  -0.3219   0.1358  -2.3696 0.0178  -0.5881  -0.0556
           cat_카페  -0.3412   0.1004  -3.3987 0.0007  -0.5379  -0.1444
        cat_패스트푸드   0.1935   0.1121   1.7263 0.0843  -0.0262   0.4131
           cat_한식  -0.1876   0.0933  -2.0112 0.0443  -0.3704  -0.0048
---------------------------------------------------------------------
       y = 3          Coef.  Std.Err.    t     P>|t|   [0.025  0.975]
---------------------------------------------------------------------
            const     7.1459   0.8466   8.4405 0.0000  5.4866  8.8053
   slope_early_mm    33.0445   3.1184  10.5965 0.0000 26.9325 39.1565
               cv    -2.8898   0.1918 -15.0690 0.0000 -3.2656 -2.5139
              mdd    -0.2897   0.1741  -1.6641 0.0961 -0.6310  0.0515
          nc_rate     0.0488   0.1686   0.2893 0.7723 -0.2816  0.3792
    del_ratio_log     0.4222   0.0523   8.0789 0.0000  0.3198  0.5247
      before_noon     0.1021   0.2323   0.4393 0.6604 -0.3533  0.5574
          weekend     1.7953   0.2092   8.5804 0.0000  1.3852  2.2054
      trend_slope    -3.7418   2.7447  -1.3633 0.1728 -9.1214  1.6378
seasonal_strength    -6.3028   0.8197  -7.6892 0.0000 -7.9094 -4.6962
      noise_ratio    -5.3974   0.7807  -6.9135 0.0000 -6.9276 -3.8673
          n_weeks    -0.0182   0.0012 -15.6101 0.0000 -0.0204 -0.0159
    delivery_link    -0.0705   0.0641  -1.1005 0.2711 -0.1961  0.0551
     cat_베이커리/디저트    -0.3330   0.1490  -2.2352 0.0254 -0.6249 -0.0410
           cat_분식    -0.2413   0.1473  -1.6383 0.1014 -0.5300  0.0474
           cat_술집    -0.4778   0.1261  -3.7903 0.0002 -0.7249 -0.2307
           cat_양식    -0.3696   0.1367  -2.7046 0.0068 -0.6375 -0.1018
           cat_일식    -0.4112   0.1343  -3.0606 0.0022 -0.6745 -0.1479
           cat_중식    -1.0495   0.1575  -6.6623 0.0000 -1.3583 -0.7408
           cat_카페    -0.3112   0.1160  -2.6824 0.0073 -0.5386 -0.0838
        cat_패스트푸드    -0.3269   0.1332  -2.4535 0.0141 -0.5880 -0.0657
           cat_한식    -0.2154   0.1108  -1.9439 0.0519 -0.4325  0.0018
---------------------------------------------------------------------
      y = 4        Coef.   Std.Err.    t     P>|t|   [0.025   0.975] 
---------------------------------------------------------------------
            const -78.5582   7.6003 -10.3362 0.0000 -93.4545 -63.6620
   slope_early_mm  33.2843   3.9516   8.4230 0.0000  25.5393  41.0293
               cv  -1.8477   0.1259 -14.6718 0.0000  -2.0946  -1.6009
              mdd 120.7533   5.6468  21.3842 0.0000 109.6857 131.8209
          nc_rate   0.9132   0.1986   4.5978 0.0000   0.5239   1.3024
    del_ratio_log   0.3841   0.0519   7.3961 0.0000   0.2823   0.4859
      before_noon  -2.3246   0.2224 -10.4512 0.0000  -2.7605  -1.8886
          weekend   1.9342   0.2265   8.5390 0.0000   1.4902   2.3781
      trend_slope   2.7752   3.3262   0.8344 0.4041  -3.7440   9.2944
seasonal_strength -39.1628   5.2155  -7.5090 0.0000 -49.3850 -28.9407
      noise_ratio -37.8397   5.1905  -7.2902 0.0000 -48.0129 -27.6664
          n_weeks  -0.0169   0.0013 -12.5879 0.0000  -0.0195  -0.0142
    delivery_link  -0.3279   0.0772  -4.2490 0.0000  -0.4792  -0.1766
     cat_베이커리/디저트  -0.1652   0.1621  -1.0186 0.3084  -0.4829   0.1526
           cat_분식  -0.1383   0.1607  -0.8609 0.3893  -0.4532   0.1766
           cat_술집  -0.3895   0.1223  -3.1839 0.0015  -0.6293  -0.1497
           cat_양식  -0.2854   0.1416  -2.0151 0.0439  -0.5630  -0.0078
           cat_일식   0.0098   0.1412   0.0692 0.9448  -0.2670   0.2866
           cat_중식  -0.4260   0.1723  -2.4731 0.0134  -0.7636  -0.0884
           cat_카페  -0.1399   0.1190  -1.1756 0.2397  -0.3730   0.0933
        cat_패스트푸드  -0.0794   0.1451  -0.5468 0.5845  -0.3638   0.2051
           cat_한식  -0.1377   0.1108  -1.2429 0.2139  -0.3548   0.0794
=====================================================================
